1011646E03	1083465E08	2343964E07	9388936E05	3540703E06	2382267E05	1541467E05	1049599E07	1494756E05
0.001035211	105268500.0	23380830.0	1090984.0	3761383.0	296711.0	168897.0	10677030.0	114119.6
0.001059324	102109500.0	22919990.0	887714.7	3872042.0	209661.3	156130.7	10563360.0	102600.2
0.001083999	99820070.0	23418350.0	985209.9	3653124.0	265919.5	213607.5	10192130.0	143858.1
0.001109248	97343410.0	23153670.0	992604.5	3676471.0	285427.1	127803.2	10024030.0	85202.11
0.001135086	96901100.0	23192820.0	982499.5	3567805.0	216482.9	162362.2	9504434.0	141546.5
0.001161526	94463460.0	23083930.0	878767.7	3755105.0	284785.8	195281.7	9222993.0	134256.2
0.001188581	91466370.0	23063390.0	1077431.0	4174550.0	254448.7	147103.2	8786433.0	147103.2
0.001216267	89015240.0	23229980.0	932462.9	3753163.0	283624.1	135984.2	8730184.0	104902.1
0.001244597	87866080.0	22959390.0	937815.3	3580404.0	292355.4	155669.7	8709912.0	91123.75
0.001273587	84185190.0	22874600.0	920178.4	3602795.0	256017.4	159547.1	8329840.0	115022.3
0.001303253	83537980.0	23253140.0	1091407.0	3734716.0	232060.0	170419.1	8401298.0	174045.0
0.00133361	82043910.0	23244710.0	1073651.0	3614269.0	240951.3	162996.5	8266755.0	124019.0
0.001364674	80162520.0	23498180.0	1073451.0	3687822.0	249317.5	138509.7	8130522.0	93494.08
0.001396461	78395320.0	23257700.0	1018561.0	3573422.0	267329.8	128589.0	7752565.0	104901.6
0.001428989	76448790.0	23779880.0	879633.9	3392874.0	231482.6	115741.3	7285089.0	109127.5
0.001462274	74143070.0	23348460.0	992107.5	3425518.0	242371.5	106643.5	7287304.0	119570.0
0.001496335	72477470.0	23300160.0	925311.5	3259118.0	274751.2	110532.1	7197218.0	85267.61
0.001531189	71725760.0	23260490.0	919679.7	3225051.0	194428.9	129619.3	7113630.0	98757.55
0.001566855	69752280.0	23270870.0	877633.8	3142592.0	265401.3	123652.9	6894401.0	90477.71
0.001603352	67330450.0	23336510.0	822289.1	3262631.0	218098.2	156205.5	6943775.0	70734.55
0.001640699	66944130.0	23300690.0	771889.5	3093318.0	210253.5	97926.28	6584102.0	95046.1
0.001678915	64713830.0	23181240.0	751504.5	3138305.0	222355.3	90067.96	6445488.0	90067.96
0.001718022	62825430.0	23434730.0	775656.5	2976101.0	222795.0	99019.98	6331778.0	93518.87
0.00175804	62051200.0	23492640.0	814447.3	2884165.0	212347.6	120957.5	6152706.0	61822.73
0.00179899	60475890.0	23638210.0	767013.8	2710816.0	183873.2	141845.0	6383026.0	65668.99
0.001840894	59207100.0	22887080.0	693081.2	2805695.0	213058.3	133482.3	5999003.0	66741.15
0.001883774	58203050.0	23274200.0	714932.8	2726779.0	190648.7	112884.1	5664274.0	75256.08
0.001927653	56772780.0	23526420.0	713367.5	2534784.0	223080.6	93154.52	5792740.0	49028.7
0.001972553	55010930.0	23206500.0	699524.9	2616032.0	177276.9	91034.06	5486000.0	71869.0
0.0020185	54283130.0	23298650.0	737447.1	2320032.0	184947.1	107690.7	5333030.0	70233.06
0.002065517	53342630.0	23402030.0	695494.9	2532608.0	187600.6	100663.7	5147577.0	77785.61
0.002113629	51509100.0	22795550.0	688606.4	2410122.0	187801.7	87193.67	5291985.0	60364.85
0.002162862	50561650.0	23349420.0	679486.3	2342152.0	135460.3	76469.52	5042619.0	58990.78
0.002213241	49269810.0	23616460.0	664019.3	2256812.0	168673.7	100350.2	5000429.0	55512.87
0.002264794	48290170.0	22995420.0	584222.6	2376534.0	169007.3	87633.39	5061872.0	64681.79
0.002317548	47451950.0	22553540.0	607626.4	2363218.0	159043.1	69326.5	4818192.0	40780.29
0.002371531	45638530.0	21815000.0	599772.9	2257617.0	159408.1	109593.1	4698553.0	53800.23
0.002426771	45049490.0	21522890.0	564700.7	2171177.0	134359.8	81784.24	4714277.0	46733.85
0.002483298	44124890.0	20779880.0	572778.7	2095114.0	125592.7	91340.12	4154073.0	66602.17
0.002541141	42735550.0	20273400.0	543004.2	1937707.0	126453.0	81822.55	4423997.0	59507.31
0.002600332	41726420.0	20108130.0	536095.7	2064423.0	127209.2	63604.58	4379630.0	43614.57
0.002660901	40817460.0	19891940.0	539875.9	1967705.0	142072.6	79915.84	4288817.0	31966.33
0.002722882	40586000.0	19475590.0	541470.7	1940270.0	138838.6	64212.87	3982933.0	59006.42
0.002786306	38617430.0	18777870.0	512185.5	1879144.0	142462.2	71231.1	4073740.0	52575.33
0.002851207	37990310.0	18305690.0	507156.2	1831397.0	172366.8	76239.17	4106971.0	49721.2
0.00291762	37512640.0	17969980.0	497231.6	1690911.0	144148.6	58307.29	3833704.0	46969.76
0.00298558	36587520.0	17522950.0	514403.2	1725229.0	120291.2	66476.73	3668882.0	45900.6
0.003055124	35994440.0	17100880.0	484133.0	1738548.0	106725.8	52589.53	3843676.0	68057.03
0.003126287	34936280.0	16507550.0	465555.1	1661185.0	105808.0	69530.95	3588402.0	40811.65
0.003199107	33848560.0	16443470.0	474160.5	1635189.0	132942.2	56131.15	3522968.0	28065.57
0.003273624	33073740.0	16124030.0	427279.5	1547445.0	122698.5	56296.96	3516395.0	41861.84
0.003349876	32710230.0	15567970.0	349842.1	1526327.0	117084.2	59247.45	3415192.0	33855.68
0.003427905	31545200.0	15294940.0	449405.0	1446092.0	93740.93	52384.64	3315396.0	34463.58
0.003507751	31069630.0	14909060.0	386636.0	1427993.0	113161.7	60622.36	3351743.0	30984.76
0.003589457	29947710.0	14834300.0	401532.0	1507391.0	94787.89	73723.91	3264916.0	38178.45
0.003673066	29565770.0	14348680.0	353796.1	1435769.0	106782.1	42455.53	3172586.0	34736.34
0.003758623	28818600.0	14133960.0	414891.3	1355311.0	84235.5	52804.34	3033735.0	32688.4
0.003846173	28376390.0	13763090.0	326815.0	1344119.0	105662.0	47916.48	2936420.0	35630.21
0.003935762	27771280.0	13378960.0	345790.3	1330332.0	90049.56	49227.09	2819152.0	28815.86
0.004027437	27218920.0	12886690.0	342612.5	1305917.0	91519.77	51626.54	2868793.0	35199.91
0.004121248	25928570.0	12792860.0	323347.5	1284217.0	94023.02	43571.64	2727814.0	22932.44
0.004217245	26037570.0	12600270.0	333915.5	1218007.0	89641.75	53785.05	2693735.0	35856.7
0.004315477	25167840.0	12148100.0	310984.5	1249413.0	81031.16	40515.58	2728779.0	37230.53
0.004415997	24750110.0	11760290.0	349919.5	1182450.0	79186.67	44943.78	2677365.0	27822.34
0.004518859	24007910.0	11599260.0	321039.7	1077104.0	79475.62	44966.47	2434464.0	30326.22
0.004624117	23401130.0	11370990.0	320885.4	1156823.0	69491.11	45986.76	2385180.0	35767.48
0.004731826	23029240.0	11330870.0	306590.5	1117507.0	73901.3	36950.65	2473696.0	26963.99
0.004842045	22345960.0	10833840.0	296683.9	1068647.0	82954.37	54652.29	2419340.0	28302.08
0.00495483	22012780.0	10693100.0	314727.2	1037646.0	70575.19	44824.78	2402418.0	43871.06
0.005070243	21382160.0	10588560.0	264690.7	1071811.0	61512.63	39144.4	2387808.0	26096.27
0.005188344	21016580.0	10171750.0	275970.7	1021000.0	79239.11	43718.13	2273343.0	26413.04
0.005309196	20484780.0	9860999.0	271469.0	965717.4	62304.35	33822.36	2252747.0	16911.18
0.005432863	20057630.0	9750479.0	267029.2	884588.5	73933.16	44359.9	2112749.0	32182.67
0.005559411	19612960.0	9414631.0	271150.9	961353.1	56100.18	20400.07	2126707.0	20400.07
0.005688906	18943900.0	9380579.0	255010.9	918703.7	60637.77	38210.1	2128967.0	25750.28
0.005821418	18679100.0	9266896.0	275182.0	901038.4	57633.99	38963.82	2028554.0	32469.85
0.005957016	18280080.0	8854466.0	247499.8	947162.9	65048.04	30937.48	2018869.0	14278.84
0.006095773	17846150.0	8606401.0	227912.3	855058.5	77521.17	31008.47	1930277.0	20155.51
0.006237762	17503560.0	8537766.0	261360.2	862867.4	49241.77	31060.2	1954520.0	21969.41
0.006383058	16965210.0	8460394.0	214693.2	859513.2	71070.86	31833.82	1838218.0	21469.32
0.006531738	16532730.0	8097796.0	204018.5	842842.2	53536.76	26768.38	1792034.0	22427.56
0.006683882	16384050.0	7855494.0	225533.5	820121.7	60095.13	29694.06	1782351.0	25452.05
0.00683957	15962050.0	7805190.0	233527.0	771744.4	46981.76	35927.23	1762507.0	23490.88
0.006998884	15452870.0	7491811.0	232937.5	758903.7	54014.5	41861.23	1787880.0	20930.62
0.007161909	15314240.0	7526478.0	209820.3	752845.7	47506.48	25072.86	1677243.0	20454.18
0.007328731	14914060.0	7298412.0	197951.5	740867.2	56096.99	29015.69	1664856.0	23212.55
0.007499439	14599780.0	7063598.0	194705.8	725893.4	52929.72	32766.02	1635781.0	21423.94
0.007674123	14185550.0	6949609.0	186579.1	734000.9	56651.08	16010.09	1611477.0	16010.09
0.007852877	13911990.0	6761931.0	181730.3	676975.4	45733.45	28282.53	1585627.0	21663.21
0.008035794	13737630.0	6712685.0	189354.8	645099.9	48220.78	23522.33	1536596.0	18817.86
0.008222971	13161720.0	6500120.0	179297.8	687882.9	52295.19	34480.34	1472311.0	16090.83
0.008414509	12859880.0	6307231.0	172408.5	634598.1	37065.02	24710.02	1427003.0	18532.51
0.008610508	12581970.0	6248178.0	166288.8	586675.6	42807.01	20305.89	1454890.0	11524.97
0.008811073	12142180.0	6144567.0	170012.0	628561.8	34860.51	31642.61	1429817.0	19307.36
0.009016309	11921870.0	5882058.0	167190.3	640983.4	39308.06	23060.73	1421904.0	13626.79
0.009226326	11356000.0	5793238.0	159287.1	602832.7	42510.72	15877.5	1324491.0	18438.38
0.009441234	11005910.0	5681388.0	155160.8	586608.0	41543.06	17518.16	1305853.0	15516.08
0.009661149	10709890.0	5644020.0	143313.8	578635.5	46956.05	22010.65	1294715.0	14673.77
0.009886186	10207030.0	5428552.0	162517.2	560684.2	36805.36	24855.57	1272892.0	15773.73
0.01011646	10041960.0	5295173.0	138732.0	569875.7	36434.68	19618.67	1249523.0	13546.23
0.01035211	9624393.0	5249503.0	137856.5	521298.5	27845.19	20998.01	1261707.0	18259.14
0.01059324	9490518.0	5006889.0	140517.7	529506.2	42378.34	17397.42	1200422.0	17397.42
0.01083999	9139784.0	5061625.0	131216.0	489989.4	39669.96	20924.81	1192714.0	11334.27
0.01109248	9023755.0	4872708.0	141009.5	496728.3	35358.87	24282.6	1142560.0	14910.37
0.01135086	8875384.0	4696015.0	136550.8	477927.7	35802.95	19566.73	1154021.0	13322.03
0.01161526	8661964.0	4668860.0	137917.7	465421.4	29699.09	17087.15	1091950.0	13018.78
0.01188581	8455252.0	4606715.0	130405.0	483850.2	38167.31	19083.66	1046818.0	13915.17
0.01216267	8176534.0	4466886.0	133653.0	463511.8	32636.2	20203.36	1090982.0	17872.21
0.01244597	8122923.0	4323063.0	126054.5	429800.4	33412.04	18984.11	1041469.0	9871.74
0.01273587	7871606.0	4216124.0	123927.2	445247.6	31167.33	17438.86	1008486.0	11873.27
0.01303253	7649278.0	4186870.0	125457.4	450704.1	30820.47	18492.28	975739.8	11240.41
0.0133361	7591383.0	4049045.0	109845.4	432649.3	28701.55	20197.39	978333.1	12047.56
0.01364674	7352444.0	4025439.0	117387.0	429033.9	27701.95	14543.52	966105.5	13158.43
0.01396461	7228396.0	3921289.0	114715.0	386105.5	28424.94	15227.65	951558.9	13874.08
0.01428989	7026159.0	3790693.0	109788.9	402779.7	26785.85	16534.47	930229.4	10582.06
0.01462274	6859761.0	3744479.0	96625.45	377453.3	26822.45	16804.43	929414.0	11633.83
0.01496335	6735194.0	3651980.0	107058.2	380862.0	21159.0	17369.33	907942.2	13895.46
0.01531189	6588363.0	3538915.0	103078.2	376513.2	27466.94	16048.1	885114.6	10184.37
0.01566855	6355456.0	3553663.0	107366.9	375180.9	22921.02	15682.8	874014.7	10254.14
0.01603352	6267670.0	3382290.0	98144.18	354851.6	25641.27	15325.82	843804.2	9726.0
0.01640699	6141994.0	3297811.0	97926.28	360887.1	27073.74	11808.76	834965.5	9216.591
0.01678915	5947018.0	3290577.0	98793.29	328185.1	23642.84	15198.97	833691.5	10695.57
0.01718022	5804771.0	3266009.0	96819.54	355096.7	27780.61	15403.11	797110.8	9351.887
0.0175804	5661618.0	3117478.0	99722.75	335186.7	25804.27	12633.34	761763.5	7795.04
0.0179899	5502799.0	3052820.0	86157.72	299976.0	20488.73	11032.39	774368.7	11820.42
0.01840894	5436580.0	3075227.0	92410.82	311116.4	22075.92	12321.44	768550.0	10781.26
0.01883774	5310571.0	2956310.0	87547.91	322096.0	21573.41	11288.41	752309.9	10034.14
0.01927653	5263230.0	2893428.0	82858.49	321383.1	20592.05	11521.74	729056.7	11031.46
0.01972553	5097668.0	2860626.0	84565.86	279091.3	21800.26	11499.04	715096.5	8384.717
0.020185	4997785.0	2739558.0	81002.13	282102.8	18494.71	10769.07	697882.5	8896.188
0.02065517	4863888.0	2701220.0	74353.89	302220.0	22191.78	11210.28	703502.2	6863.436
0.02113629	4748925.0	2619611.0	83169.34	291316.3	19227.32	10731.53	662671.9	8495.793
0.02162862	4653498.0	2608922.0	78217.4	271139.1	19226.62	10268.76	647806.1	10050.28
0.02213241	4570204.0	2503203.0	78999.09	267529.3	18575.46	11743.11	650141.1	8540.442
0.02264794	4435919.0	2452274.0	77409.5	272706.8	18778.58	10641.2	628039.3	8971.99
0.02317548	4343509.0	2395027.0	73200.62	254672.9	19166.74	9379.467	654931.5	9175.566
0.02371531	4231886.0	2386937.0	70936.59	256647.0	17136.37	8368.924	624481.1	7771.144
0.02426771	4149577.0	2302032.0	65622.12	247689.4	14993.78	9736.219	585730.9	7788.975
0.02483298	4024103.0	2253056.0	74213.85	249853.3	14462.19	10085.47	597897.2	7801.969
0.02541141	3955005.0	2208279.0	68061.49	236541.6	17108.35	9112.057	588378.5	5950.731
0.02600332	3853711.0	2166917.0	60151.76	244059.9	19081.37	9995.005	570987.4	6360.458
0.02660901	3757110.0	2121854.0	65886.17	232111.1	17936.67	8346.765	559766.0	6748.448
0.02722882	3625250.0	2084662.0	64212.87	224918.6	18049.02	8330.318	547197.8	6594.835
0.02786306	3569696.0	2029238.0	64955.98	226752.3	16111.8	9667.077	539660.4	5427.131
0.02851207	3542470.0	1993654.0	61322.81	212641.0	15910.78	7458.18	528702.1	6795.231
0.0291762	3460699.0	1946654.0	59279.08	216708.8	14414.86	8422.164	514237.9	4858.941
0.0298558	3358657.0	1941912.0	56030.38	214466.6	14561.57	6014.561	517252.2	6331.117
0.03055124	3279112.0	1877291.0	60941.98	203088.4	16086.21	8971.154	498827.1	5413.628
0.03126287	3192075.0	1807956.0	52752.83	196954.0	13150.42	6499.632	473566.2	7406.558
0.03199107	3154423.0	1809491.0	55688.01	202515.3	15509.92	7828.818	480659.9	4874.547
0.03273624	3052017.0	1752279.0	49223.75	190399.2	13569.01	6928.857	490794.0	4907.94
0.03349876	2988046.0	1697580.0	50501.39	188181.2	11003.1	6347.941	478493.7	6206.875
0.03427905	2943052.0	1687475.0	51006.09	185000.5	14061.14	7857.695	469118.2	4962.755
0.03507751	2850059.0	1656068.0	46342.43	187121.0	15896.53	6331.669	444294.6	5119.222
0.03589457	2802957.0	1616133.0	52396.64	185363.0	13033.33	7372.391	444318.2	7109.091
0.03673066	2739282.0	1578059.0	46958.39	173939.0	10549.56	7976.494	434204.3	5274.778
0.03758623	2660836.0	1584382.0	47775.36	175637.3	12572.46	6411.956	434378.6	6411.956
0.03846173	2568938.0	1529642.0	49759.43	167216.2	13760.63	6511.727	436162.9	3808.746
0.03935762	2562570.0	1498545.0	43824.12	167972.4	11526.34	7083.899	415188.5	5883.238
0.04027437	2490042.0	1469831.0	48693.21	171306.2	11146.64	7743.981	413129.6	5279.987
0.04121248	2432444.0	1417684.0	43456.98	154335.3	12268.86	7682.369	404643.0	4357.164
0.04217245	2399261.0	1384181.0	44148.56	156312.8	11877.53	6162.87	390053.7	5266.453
0.04315477	2337092.0	1339971.0	44457.64	159434.3	12921.19	6132.088	391358.6	6351.091
0.04415997	2270624.0	1341358.0	41626.5	147886.4	10058.85	5457.459	367790.0	4601.387
0.04518859	2216324.0	1326825.0	44443.6	151003.7	10980.18	4705.793	366947.3	4705.793
0.04624117	2154633.0	1287834.0	42920.98	153084.8	10730.24	5722.797	373923.5	4189.905
0.04731826	2123464.0	1257421.0	40445.98	144706.7	11983.99	4793.598	352928.6	4094.531
0.04842045	2041946.0	1221283.0	41086.81	140729.6	9564.151	5855.603	360997.9	4196.515
0.0495483	1998422.0	1221809.0	35669.08	137526.2	8774.213	5626.941	353734.3	4100.991
0.05070243	2008574.0	1181136.0	36161.97	135514.2	10811.31	4939.65	347080.3	3634.837
0.05188344	1938079.0	1164724.0	36705.01	139169.4	10291.98	5282.607	337176.1	5191.528
0.05309196	1888445.0	1142128.0	34890.44	131195.2	8811.615	5073.354	323003.6	4895.342
0.05432863	1848068.0	1121175.0	35313.96	130383.3	10524.6	4696.93	325131.9	4609.95
0.05559411	1822066.0	1105854.0	34765.11	125715.4	8245.027	5525.018	317391.0	3740.012
0.05688906	1763230.0	1057008.0	32561.65	127339.3	8140.413	4485.533	313738.1	4485.533
0.05821418	1724717.0	1052267.0	32469.85	124765.4	8766.86	4789.303	315769.3	4221.081
0.05957016	1709494.0	1032281.0	34348.54	122956.7	8170.668	4204.324	312706.5	3728.363
0.06095773	1639805.0	1008085.0	30775.91	117367.1	8682.371	3100.847	306673.8	3178.368
0.06237762	1600736.0	976502.3	31590.49	120225.7	7424.144	4848.421	295677.9	3257.533
0.06383058	1564817.0	986478.3	35535.43	107272.6	8439.665	4441.929	289465.7	3257.414
0.06531738	1553362.0	949481.6	30023.99	112354.8	9405.106	3979.083	288953.8	3906.736
0.06683882	1511711.0	915849.8	32380.67	112201.1	8271.918	3322.907	280467.5	2898.706
0.0683957	1472394.0	897489.7	28465.42	111167.1	7323.627	5250.902	277399.6	4421.812
0.06998884	1438946.0	903865.1	30248.12	102627.5	6076.631	5604.004	267236.7	4118.605
0.07161909	1390092.0	880453.4	30087.44	100159.5	8313.634	4156.817	269467.3	2969.155
0.07328731	1367348.0	854737.6	28499.85	106842.2	7544.079	3675.32	263913.8	3739.8
0.07499439	1339752.0	840070.3	27473.05	102204.8	7498.377	4284.787	256583.1	3276.602
0.07674123	1311349.0	826797.8	25800.87	97846.26	6711.921	3633.058	255915.1	3509.904
0.07852877	1251652.0	820012.7	26116.2	94234.97	7642.3	3068.955	252496.8	3068.955
0.08035794	1235158.0	791467.6	25345.31	96853.19	6527.446	3469.544	246161.2	2822.68
0.08222971	1220892.0	795116.7	24136.24	89993.7	6953.536	3505.502	235730.6	3333.1
0.08414509	1185463.0	762360.1	24653.86	92662.56	6458.299	3257.229	240810.3	3313.388
0.08610508	1166381.0	742043.1	23488.98	92144.84	6036.887	4006.298	231761.6	3567.251
0.08811073	1135916.0	731158.9	24563.25	90101.0	5792.207	3807.84	229918.4	3432.419
0.09016309	1113204.0	717922.4	23951.71	85586.75	5503.128	3406.698	226676.5	3249.466
0.09226326	1092064.0	702297.5	23560.16	85840.92	5275.426	3226.717	228892.0	2356.016
0.09441234	1051640.0	688163.2	20771.53	83036.06	5205.395	3503.631	220878.9	2953.061
0.09661149	1040419.0	675971.5	21766.09	82417.65	5576.031	3374.966	213894.6	2983.666
0.09886186	1021659.0	662878.9	20697.04	82166.77	5162.31	3011.348	207209.4	2963.548
0.1011646	984156.7	657272.3	22421.34	76606.25	5652.046	3596.757	207631.0	2102.001
0.1035211	960567.7	634961.6	21774.03	82166.13	5066.911	2921.462	203315.5	2419.336
0.1059324	936338.3	631481.9	21858.3	77753.1	5665.315	2988.788	200917.9	2230.439
0.1083999	923133.0	608040.2	19181.08	75024.17	5667.137	3487.469	198829.3	2484.821
0.1109248	903909.2	602038.1	19894.69	74296.24	5623.339	3280.281	192855.0	2130.053
0.1135086	872925.8	593371.4	20898.93	72688.31	5828.387	2914.193	194460.0	2456.249
0.1161526	863470.6	571727.9	19894.32	69487.74	5573.666	2888.542	188772.3	2074.868
0.1188581	837613.5	563763.0	18487.29	71007.1	5407.036	2107.154	189007.7	2226.427
0.1216267	817303.8	560565.6	19542.87	69235.37	5361.662	2991.652	181830.3	2952.799
0.1244597	808115.8	547881.5	18224.75	68684.53	5961.012	3037.458	179855.5	2012.316
0.1273587	776363.4	536560.5	18626.19	66824.24	5157.451	2411.758	180325.3	2374.654
0.1303253	768336.2	527936.5	17440.76	64686.73	4459.903	2828.231	172957.2	1958.006
0.133361	754213.0	518647.6	16724.85	64135.56	4004.043	2515.815	176248.8	2090.607
0.1364674	731850.9	517333.9	17071.33	64268.52	4328.43	2320.038	167562.2	2320.038
0.1396461	723550.2	500617.4	17697.91	63786.93	4839.008	2910.173	171598.7	2098.032
0.1428989	694712.4	494810.6	15343.99	63161.68	4761.928	1884.93	166336.8	2050.275
0.1462274	682162.7	477278.0	16222.73	61012.99	4524.269	2843.826	160482.3	1938.972
0.1496335	668624.4	475603.8	15158.69	58076.72	4894.993	2684.351	156860.8	2084.319
0.1531189	655750.1	466043.1	17097.4	57094.21	4104.611	2561.524	153382.8	2222.045
0.1566855	643688.6	449794.8	15652.64	56880.32	4192.134	2473.057	155229.6	2050.828
0.1603352	628299.6	445951.9	15561.6	57324.46	4244.073	2122.036	153523.4	1797.836
0.1640699	610743.2	432891.8	15524.2	55213.14	3974.655	2332.95	145766.1	1987.327
0.1678915	590423.6	422193.6	15367.85	53759.31	4081.204	2223.553	144728.0	1688.774
0.1718022	584905.5	421110.0	14330.39	53910.88	3300.666	2310.466	146714.6	1925.389
0.175804	565059.7	416255.1	15213.77	55264.14	3709.364	2015.959	137595.9	1827.802
0.179899	552039.8	397822.8	15077.6	52193.71	4255.351	2022.605	139113.2	2101.408
0.1840894	543298.6	398162.3	15376.13	51519.03	3542.415	2079.244	135818.2	2104.913
0.1883774	528975.0	392886.9	13897.29	49493.42	3587.206	1981.743	134357.2	1881.402
0.1927653	516639.9	382007.1	13654.49	50622.13	3309.437	2255.32	133578.7	1568.918
0.1972553	510293.8	374533.3	13175.98	48008.49	3497.625	2132.114	129364.2	1700.9
0.20185	495798.6	365048.0	12876.06	48016.0	3652.119	2060.17	125272.4	2013.348
0.2065517	479685.5	355823.4	13269.31	49279.47	3111.424	1921.762	124960.3	1647.225
0.2113629	470309.2	357158.7	11715.25	47665.87	3130.029	1743.873	124619.9	1408.513
0.2162862	466245.6	349378.3	12759.49	45881.71	2949.539	1747.875	118855.5	1485.694
0.2213241	451405.0	342621.2	11913.92	44453.0	3159.963	1772.142	123580.2	1024.853
0.2264794	434953.7	338098.0	12665.11	44818.22	3943.503	1752.668	120579.4	1731.803
0.2317548	424869.5	327057.9	10643.66	42574.63	3180.863	1651.602	117834.7	1671.992
0.2371531	422989.3	326607.2	10501.01	44315.45	3168.236	1853.119	113658.0	1474.525
0.2426771	408687.5	316505.0	10904.57	43345.65	3505.039	1402.016	111947.0	1363.071
0.2483298	399346.6	318244.2	11208.19	40646.35	2683.116	2188.357	109341.7	1579.423
0.2541141	392450.7	308508.2	10860.08	40520.76	3217.114	1710.835	108805.4	1245.934
0.2600332	388151.5	305011.2	11121.71	39689.26	2762.256	1526.51	108800.2	1399.301
0.2660901	375355.8	298956.3	11028.39	39833.61	2681.62	1722.63	107033.9	1545.04
0.2722882	371219.8	290346.3	10742.64	36965.79	3123.869	1596.644	103382.7	1579.289
0.2786306	355968.9	286552.5	10922.1	37735.52	2832.284	1543.34	102657.6	1526.381
0.2851207	348495.9	280328.1	9231.569	36379.34	2950.124	1309.325	102823.4	1425.341
0.291762	341405.4	275404.8	10689.67	38272.26	2721.007	1149.949	99284.35	1311.914
0.298558	333744.8	269009.2	9892.37	35628.36	2769.864	1440.329	98005.69	1171.257
0.3055124	321538.5	267495.1	9698.127	35234.98	2552.139	1546.751	96548.18	1237.401
0.3126287	316789.1	264610.6	10762.18	35884.02	2116.159	1723.158	93670.28	1254.58
0.3199107	314452.6	257110.2	9320.725	34727.46	2703.158	1536.221	90769.98	1477.136
0.3273624	304797.5	253913.7	8603.33	34730.89	2064.222	1414.642	90046.27	1226.985
0.3349876	295433.2	249854.9	8717.838	32811.8	2214.726	1241.375	90592.17	1114.416
0.3427905	291038.0	244429.5	8615.894	32754.18	2302.167	1461.256	88502.47	1171.762
0.3507751	284143.7	238677.0	8702.677	33207.58	2600.026	1293.277	87835.07	1158.561
0.3589457	275964.4	234929.1	8465.085	30858.72	2330.202	1171.684	86256.98	987.3738
0.3673066	270866.3	232785.0	8118.012	32073.22	2225.699	1389.454	85104.04	1067.821
0.3758623	268107.8	223073.2	8046.376	30752.24	2162.464	1332.681	81633.0	1181.811
0.3846173	259793.3	223696.3	7973.794	31944.32	2150.099	1388.349	81470.31	958.3297
0.3935762	256617.2	218928.5	7552.157	30424.75	1981.09	1224.674	81224.7	1008.555
0.4027437	247525.8	217336.0	7626.648	30154.59	1900.795	1231.997	79974.2	891.7311
0.4121248	241341.0	210095.6	7957.558	29204.47	1800.197	1054.892	76319.17	917.2977
0.4217245	234682.1	207307.8	7361.829	28898.26	2016.939	1176.548	75937.77	1053.291
0.4315477	231157.8	204198.5	7654.16	27769.6	1971.028	1138.816	73771.21	908.863
0.4415997	224290.9	200759.6	7576.238	27640.43	1904.76	1252.005	72509.3	941.6793
0.4518859	220042.9	197800.2	7121.434	26279.24	1735.915	1035.275	72939.8	1118.933
0.4624117	216464.8	194309.4	7112.62	25824.12	2054.075	1083.244	70932.03	848.2003
0.4731826	211657.3	190845.1	6661.103	26534.56	1797.599	1068.573	71923.94	1028.626
0.4842045	208117.9	186608.3	6333.81	25149.81	1805.477	780.747	67768.84	946.6557
0.495483	202407.7	184439.7	6342.23	25159.1	1897.9	1154.0	66741.24	944.1816
0.5070243	195405.1	181685.9	6971.431	24782.13	1556.456	1053.171	65771.91	950.6497
0.5188344	190520.0	177450.1	6849.174	22906.48	1776.049	947.2261	65868.65	883.4705
0.5309196	188417.3	175511.4	6274.938	24236.39	1664.416	881.1615	63399.13	854.4597
0.5432863	182858.4	172455.6	6158.197	23145.43	1574.341	887.1979	63017.15	817.6138
0.5559411	176860.1	168292.0	5984.019	23171.08	1632.005	952.0031	61718.7	714.0023
0.5688906	175700.0	165873.4	6296.36	23914.54	1860.666	863.8805	61393.66	764.202
0.5821418	170734.6	162365.5	5828.339	22696.43	1509.848	738.6892	60775.45	698.1019
0.5957016	168125.4	159351.8	6219.227	22021.14	1507.211	872.5956	58693.95	650.4804
0.6095773	160608.4	155437.7	5705.558	21884.23	1434.142	798.4681	58637.02	751.9554
0.6237762	161460.0	152998.0	5863.559	21272.45	1590.888	931.8059	58355.29	621.2039
0.6383058	154105.3	152373.0	5700.475	20284.81	1591.691	784.7407	54902.24	740.3215
0.6531738	151255.8	148477.7	5317.502	20061.81	1396.296	795.8167	53941.9	737.9391
0.6683882	147763.3	145211.0	5005.571	20085.91	1414.003	707.0015	53732.11	544.3912
0.683957	143936.9	143743.4	5561.811	19787.61	1312.726	766.9081	52543.57	663.2719
0.6998884	142199.9	140910.3	5104.37	18972.59	1424.632	749.4511	52036.21	749.4511
0.7161909	139946.2	138395.6	4988.18	18844.24	1233.849	851.1577	50007.17	673.0084
0.7328731	133414.1	134806.9	5332.438	18589.38	1263.794	786.6475	49552.34	664.1368
0.7499439	133168.7	134599.0	5116.54	17813.37	1090.1	724.6331	47914.0	636.4169
0.7674123	130432.9	131867.7	4926.181	18054.45	1397.804	621.9303	48830.76	554.1953
0.7852877	126152.1	129389.5	4820.065	18070.73	1341.916	716.0895	47352.17	577.6856
0.8035794	122557.2	126144.4	4827.958	17606.46	1287.848	799.7592	45762.69	593.9388
0.8222971	120077.8	124364.9	4424.977	17096.5	1160.838	655.1265	44841.69	603.406
0.8414509	117675.8	122309.0	4655.592	17167.84	1302.892	578.439	45202.48	533.5117
0.8610508	115809.4	119618.2	4489.248	16568.51	1130.544	713.4502	44382.09	482.9509
0.8811073	111623.3	117415.5	4204.713	16695.5	1083.357	702.5733	43838.43	557.7681
0.9016309	110240.8	116477.6	4266.235	15828.05	1200.206	566.0361	42672.83	503.1432
0.9226326	106123.1	113237.3	4030.835	15979.93	1188.251	650.4652	41404.41	548.0297
0.9441234	103757.5	112972.1	4264.42	15776.35	1236.281	710.7366	40857.34	420.4357
0.9661149	101840.8	108429.3	4015.721	14619.96	1056.511	621.1894	40191.45	533.1468
0.9886186	98059.99	106424.8	4139.408	14502.27	1003.783	602.2695	38956.32	454.0921
1.011646	97574.87	105786.7	3961.104	14555.19	1060.343	551.1913	38681.48	406.3868
1.035211	94043.7	103159.6	3889.197	14420.16	1049.901	584.2925	38526.79	524.9503
1.059324	90827.94	101989.1	3778.364	14368.49	981.3931	539.7662	37957.61	437.166
1.083999	90395.19	100059.8	3622.608	13919.36	845.7112	514.4016	36810.23	449.0116
1.109248	88818.94	99422.34	3727.592	12933.68	903.1423	532.5132	35452.6	396.1898
1.135086	87126.06	95997.7	3555.316	13272.07	1082.415	491.2498	35165.99	453.7816
1.161526	84272.2	95094.06	3344.199	12908.93	886.9044	467.8624	33751.19	459.7257
1.188581	82850.9	93772.31	3609.992	12821.83	946.2313	536.7278	33992.76	477.0914
1.216267	80891.16	91179.33	3209.227	12685.38	944.1187	415.7231	33681.34	388.5262
1.244597	78279.1	89529.08	3572.81	12339.67	884.6597	489.7902	32648.88	345.5109
1.273587	77354.35	88711.87	3376.461	11984.58	864.5224	489.7724	32588.41	352.4877
1.303253	75285.34	86264.68	3285.1	12215.78	888.3547	540.2647	31393.37	406.105
1.33361	72983.44	85442.04	3192.605	11519.6	864.5899	442.9252	31256.34	340.1665
1.364674	71311.74	84501.33	3171.873	11388.96	879.5369	422.4547	30399.43	290.8705
1.396461	70226.53	82104.1	3075.985	11217.7	866.284	460.2134	29179.56	382.3832
1.428989	68188.16	80767.59	2867.078	11028.49	734.1306	423.2825	28558.34	330.6894
1.462274	66303.16	79982.6	2769.499	10690.2	798.2102	465.3533	28622.46	368.4047
1.496335	65697.12	77498.79	2782.251	10528.97	802.1472	394.7575	28488.86	366.3349
1.531189	63522.71	75959.99	2839.28	10570.14	780.8019	466.0122	27929.87	330.2206
1.566855	63271.06	76031.43	2690.204	10447.16	672.551	392.0701	26923.15	398.1019
1.603352	60778.66	73454.88	2855.907	10294.82	695.5564	427.3546	26578.51	347.7782
1.640699	59205.08	73424.55	2710.254	10092.17	702.7651	408.9862	26229.84	374.424
1.678915	57103.09	71736.31	2336.138	9727.339	740.246	379.9742	25517.38	275.8331
1.718022	56265.35	69679.81	2692.793	9640.695	701.3915	382.3271	25461.89	272.3049
1.75804	55567.88	68816.76	2510.54	9233.09	612.8514	346.7449	24820.48	290.298
1.79899	53856.45	67455.19	2358.83	9198.912	664.5702	386.1337	23971.81	262.676
1.840894	52260.89	65152.2	2497.659	8986.953	667.4115	387.6121	23693.11	320.8709
1.883774	51721.0	64710.19	2400.669	8774.859	654.7279	381.2975	22790.05	255.8707
1.927653	50367.18	63004.32	2282.286	8874.194	583.4415	387.3267	22864.53	294.1722
1.972553	49488.99	62423.02	2290.225	8279.309	586.9302	332.993	22188.36	285.0804
2.0185	47896.61	60508.12	2069.534	8123.624	636.7797	351.1653	21931.44	297.32
2.065517	46822.36	60608.72	2212.314	8119.445	583.3921	288.2643	21489.42	240.2203
2.113629	45582.17	58580.73	2170.899	8122.426	487.3902	337.596	20960.02	261.581
2.162862	44677.87	58197.68	2023.165	7935.352	539.6564	301.5084	20502.57	231.5934
2.213241	43434.55	56751.23	2109.489	7609.534	572.2096	315.9963	20110.6	277.5644
2.264794	42508.46	55590.87	2082.336	7417.541	557.098	352.6201	19590.24	239.9486
2.317548	41528.61	54543.64	1979.883	7391.428	515.8707	275.267	19297.23	246.7208
2.371531	40627.14	53565.1	2024.483	7330.779	545.9727	288.9271	18712.52	251.0677
2.426771	39828.93	52957.24	1867.407	6862.087	475.1275	323.2425	18498.82	198.6189
2.483298	38399.01	51399.75	1798.259	6985.616	449.0889	277.8262	18307.99	216.9328
2.541141	37906.16	50596.09	1855.884	6873.094	459.322	252.9061	18043.73	243.608
2.600332	37203.23	49800.57	1846.35	6849.305	481.5775	247.1492	17365.87	243.5147
2.660901	36223.19	48556.86	1848.72	6556.65	516.7891	236.1957	17029.18	179.3667
2.722882	35244.19	48052.05	1716.393	6554.919	484.1997	274.2063	16376.02	199.5805
2.786306	34397.84	46887.02	1617.963	6283.6	408.7308	261.1807	16298.35	211.9973
2.851207	33551.87	46055.09	1700.465	5875.388	435.8892	261.865	15930.67	213.8012
2.91762	32958.19	45316.1	1648.801	5955.442	401.6724	286.6775	15791.56	207.3148
2.98558	31812.28	44309.9	1611.269	5979.74	436.8471	234.2513	15186.77	199.4302
3.055124	31434.62	43494.63	1548.298	5808.049	434.637	225.8256	15484.52	176.3296
3.126287	30453.05	42651.19	1511.542	5609.334	406.6049	231.266	14723.93	188.9428
3.199107	29795.3	41866.45	1527.358	5462.447	392.918	226.0017	14608.87	168.3934
3.273624	29232.56	40936.55	1440.625	5489.675	435.9406	177.552	14282.11	167.4474
3.349876	28059.31	40028.7	1455.794	5408.445	407.6789	207.3661	13791.96	163.6358
3.427905	27656.33	39052.75	1379.922	5115.773	347.3929	232.9738	13954.99	179.2106
3.507751	26943.27	38303.9	1398.356	5129.999	354.304	199.3802	13361.17	176.4784
3.589457	26540.61	37791.4	1329.663	5010.593	371.2526	193.5253	12796.36	185.6263
3.673066	25676.59	36581.23	1331.56	4967.297	326.7789	205.845	12750.81	173.6817
3.758623	25116.01	35969.81	1315.08	4738.561	305.5108	163.442	12437.94	140.8116
3.846173	24652.42	35400.45	1288.831	4588.925	341.5585	190.4373	12189.22	138.8349
3.935762	24328.99	35031.68	1264.296	4705.39	332.583	190.9051	12022.22	158.4872
4.027437	23446.66	34264.77	1242.557	4489.162	285.1193	184.2129	11635.92	137.2797
4.121248	22682.48	33303.64	1191.34	4435.135	306.1481	182.3129	11499.47	137.5947
4.217245	22207.62	33125.99	1182.151	4373.397	308.1435	183.7656	11185.05	144.5473
4.315477	21745.92	32238.36	1157.432	4326.407	291.2742	153.3022	11046.52	116.0717
4.415997	21157.82	31294.78	1158.908	4261.099	294.2748	162.6537	10588.54	117.7099
4.518859	20998.3	30871.05	1073.967	4132.732	253.0671	175.683	10686.33	133.8537
4.624117	20341.48	29990.52	1068.937	3901.721	285.1179	182.9251	10248.92	117.5217
4.731826	19960.34	29777.23	1060.583	3930.75	272.6359	143.8079	9922.747	119.8399
4.842045	19331.3	28956.93	1022.779	3719.284	281.0689	158.1013	10025.77	127.8473
4.95483	18808.29	28499.02	1054.813	3771.958	244.152	142.1041	9628.745	126.8446
5.070243	18469.63	27627.56	979.542	3758.794	308.4951	133.2774	9495.313	112.7731
5.188344	17816.05	27274.65	965.442	3622.229	258.6656	122.0464	9156.216	103.8306
5.309196	17465.69	26597.73	959.487	3602.082	226.9659	146.8603	9035.021	94.34659
5.432863	17026.37	25867.91	918.5108	3511.39	247.0237	120.9025	8806.744	99.15741
5.559411	16779.05	25938.68	897.6029	3376.211	244.8008	127.5004	8591.828	95.20031
5.688906	16414.56	25221.99	908.7358	3328.432	248.3656	133.7353	8503.408	106.3238
5.821418	15921.59	24564.26	806.0641	3150.388	241.9004	144.4908	8365.858	112.8327
5.957016	15630.57	24029.7	848.0043	3133.412	213.3893	130.8893	8119.899	107.0913
6.095773	15224.38	23426.9	844.2056	3150.46	202.3303	127.9099	7771.498	104.6536
6.237762	14755.87	23113.33	778.02	3077.232	199.2398	112.8773	7730.959	98.48355
6.383058	14598.4	22784.87	811.3923	3004.965	199.1465	116.9708	7540.914	96.98211
6.531738	14148.17	22402.96	771.9422	2880.856	189.5491	115.7551	7359.857	99.11535
6.683882	13824.71	21833.62	758.6126	2895.878	205.7374	112.4132	7231.211	89.78919
6.83957	13502.42	21146.63	749.6354	2789.887	196.9088	115.3817	7077.663	96.03624
6.998884	13101.22	20969.78	712.3162	2654.812	203.2295	106.6786	6802.451	87.09837
7.161909	12816.85	20580.86	724.4738	2698.632	178.8091	102.2709	6767.034	78.51765
7.328731	12530.91	19967.31	742.8016	2554.025	206.9786	110.9044	6694.241	72.86161
7.499439	12069.87	19592.19	643.3482	2519.203	183.9938	105.2293	6425.29	85.69574
7.674123	11875.79	19197.94	701.365	2496.958	181.0371	94.2132	6260.56	70.19807
7.852877	11675.87	18789.23	649.2946	2435.908	185.3408	98.68796	6214.333	77.62651
8.035794	11414.21	18376.23	625.694	2393.397	171.1249	92.9132	6005.251	75.85951
8.222971	11122.21	18007.36	591.9126	2341.215	156.8856	89.64889	5932.343	79.30479
8.414509	10805.58	17628.35	612.6961	2278.937	166.7926	93.78574	5741.147	64.58299
8.610508	10674.31	17294.58	618.5065	2191.939	175.0697	94.94376	5608.817	86.16284
8.811073	10335.87	16749.67	560.986	2184.413	154.4589	92.24626	5590.016	77.22943
9.016309	10024.08	16603.72	582.2834	2134.69	159.8528	86.47773	5528.285	64.46522
9.226326	9785.148	16294.92	576.7117	2083.025	151.6045	79.38748	5309.23	67.09523
9.441234	9594.944	15937.52	561.0815	1945.516	147.653	80.083	5126.813	59.06121
9.661149	9332.515	15572.78	542.4402	2001.991	148.205	89.9991	5010.113	66.03195
9.886186	9220.938	15059.13	514.797	1962.156	135.7496	72.65474	4859.741	70.74277
10.11646	8816.258	14865.35	536.2437	1869.846	154.6138	76.60625	4729.034	55.11913
10.35211	8643.421	14608.68	511.2559	1841.434	139.6824	80.34022	4698.077	59.34221
10.59324	8454.256	14208.79	501.8488	1849.926	129.3655	73.60449	4604.072	50.85401
10.83999	8301.483	13911.08	491.2972	1768.147	128.1645	70.18531	4409.032	55.36357
11.09248	8008.998	13604.65	477.5578	1786.262	122.265	70.71775	4381.518	63.04956
11.35086	7852.919	13238.76	448.3695	1768.083	117.8167	55.36968	4278.452	51.20654
11.61526	7609.884	13036.27	434.9086	1654.606	114.3212	69.97595	4167.637	54.92298
11.88581	7555.14	12749.07	458.0077	1629.267	128.8147	67.98552	4100.998	51.6849
12.16267	7338.483	12527.25	420.7739	1613.161	108.3988	66.43798	4051.94	59.05599
12.44597	7168.402	12179.07	427.5223	1581.756	107.4501	69.10218	3896.3	53.5352
12.73587	6898.74	12052.11	380.6867	1527.941	108.7146	59.73739	3918.55	37.10397
13.03253	6771.076	11672.62	407.1928	1512.379	112.0415	55.47685	3753.933	40.6105
13.3361	6653.09	11331.09	405.3651	1469.803	99.92392	52.79668	3661.042	46.41856
13.64674	6476.023	11135.49	381.2481	1379.211	95.918	56.789	3569.396	38.09018
13.96461	6228.447	10905.7	391.1814	1382.332	92.38107	58.20346	3525.032	45.34455
14.28989	6233.165	10750.38	365.7425	1390.88	98.87615	55.22514	3434.871	40.34411
14.62274	5985.284	10402.26	366.4658	1318.824	97.9181	54.93755	3296.576	40.71842
14.96335	5902.414	10225.8	337.9124	1267.961	91.26793	52.10799	3277.119	45.16025
15.31189	5748.924	10028.52	336.7015	1269.343	82.40083	52.46495	3194.807	41.35473
15.66855	5631.031	9775.513	329.942	1241.656	85.95382	47.65159	3120.275	38.00064
16.03352	5549.715	9581.879	335.6944	1176.846	82.81837	47.45109	3056.027	38.31455
16.40699	5355.127	9298.676	334.6775	1161.867	95.91015	46.37097	2942.973	35.71429
16.78915	5234.637	9112.626	296.3799	1204.096	81.34262	49.53738	2898.218	37.15303
17.18022	5069.548	8922.25	293.4842	1160.184	78.66587	43.45877	2837.473	41.25833
17.5804	4979.686	8783.935	299.437	1100.176	81.44473	43.00712	2762.132	33.06172
17.9899	4898.381	8598.172	300.5013	1070.667	76.96406	48.0697	2723.687	38.87604
18.40894	4680.865	8468.168	285.4468	1068.372	75.72554	38.24781	2615.74	38.24781
18.83774	4594.885	8165.034	279.7018	1048.317	70.74072	37.62804	2577.019	34.6178
19.27653	4528.535	7927.205	258.1361	1034.26	75.50419	41.1841	2482.568	29.9075
19.72553	4425.932	7830.127	259.6866	991.7922	74.02507	37.13232	2420.548	28.26847
20.185	4252.612	7669.216	268.9926	944.1664	66.72141	36.05297	2342.975	35.35064
20.65517	4209.345	7414.112	252.5744	957.2206	65.43142	36.14743	2355.531	26.99618
21.13629	4084.688	7308.842	244.813	913.0742	65.05989	35.54819	2244.007	28.84098
21.62862	3996.297	7099.212	241.6437	897.5337	59.64623	40.85657	2216.305	25.78115
22.13241	3876.506	7004.657	243.4026	885.0033	60.85065	32.66719	2151.978	29.46452
22.64794	3804.333	6865.242	227.0122	853.591	59.88282	34.84471	2098.194	26.49867
23.17548	3718.755	6692.046	223.8838	830.6946	60.15093	34.86715	2068.173	25.07988
23.71531	3609.198	6536.329	225.3632	813.579	60.17655	35.4683	1999.575	24.50899
24.26771	3526.848	6360.088	203.0975	798.37	59.19621	30.18228	1951.333	24.14582
24.83298	3414.027	6216.837	214.2687	768.2085	49.85648	31.58846	1893.785	20.55153
25.41141	3367.928	6095.036	205.8581	758.7182	50.76717	28.45193	1856.07	24.91869
26.00332	3287.085	5956.296	192.0858	746.7178	52.70094	26.71392	1837.264	23.80629
26.60901	3134.654	5803.133	200.8551	697.2213	49.72541	30.90079	1784.787	22.90921
27.22882	3142.612	5701.929	187.7792	723.0022	51.71739	26.72644	1741.036	22.73483
27.86306	3049.878	5534.487	179.6041	673.4731	53.76252	26.11807	1700.388	22.55651
28.51207	2992.719	5448.946	182.6425	676.7055	52.04152	27.01518	1654.059	22.54028
29.1762	2936.582	5290.253	178.1612	648.0207	47.77958	29.8015	1598.915	24.2947
29.8558	2838.715	5125.672	182.3362	652.7381	47.48338	22.79202	1572.649	19.46818
30.55124	2758.939	5033.127	164.1103	619.6284	45.9385	25.52139	1541.182	17.94231
31.26287	2687.674	4928.686	166.4208	605.5239	40.20703	24.03352	1489.02	14.66196
31.99107	2649.686	4844.857	162.4849	597.5013	43.87092	24.07731	1446.411	20.82761
32.73624	2600.92	4731.11	152.1461	569.4654	39.98528	24.39535	1400.495	18.3326
33.49876	2552.436	4613.824	159.9681	574.5592	40.34469	23.27578	1391.751	14.38867
34.27905	2448.155	4517.623	146.4013	564.0998	45.49192	21.36742	1342.15	16.26681
35.07751	2386.096	4352.281	148.8616	535.767	40.28019	21.95877	1331.132	16.4354
35.89457	2350.608	4295.734	138.8906	516.7256	37.25691	22.64377	1256.598	13.95488
36.73066	2290.026	4143.917	140.7465	503.291	34.47904	23.15756	1223.105	14.66646
37.58623	2212.125	4123.013	132.6395	511.8249	33.6942	20.87029	1195.893	12.69819
38.46173	2177.006	4035.305	133.9204	493.2941	33.78726	20.27236	1196.438	17.32365
39.35762	2118.566	3892.302	131.5924	464.8959	36.74022	18.12998	1141.108	14.40793
40.27437	2090.171	3815.201	125.8984	459.0069	36.02124	17.48262	1100.115	12.7893
41.21248	2008.309	3733.172	126.9311	447.2973	30.84414	19.7219	1076.564	12.84217
42.17245	1973.239	3602.478	126.3949	444.2869	29.69383	18.93682	1062.143	12.21369
43.15477	1908.831	3522.118	109.1731	427.4941	29.67492	17.95826	1017.598	12.70218
44.15997	1855.322	3476.295	107.9721	428.8921	32.63775	15.19528	1005.35	12.84108
45.18859	1856.383	3355.231	110.9522	405.1165	30.0125	14.4311	969.0797	10.77104
46.24117	1798.491	3278.345	105.8718	394.7708	29.8403	16.86181	943.6484	11.03682
47.31826	1754.656	3216.204	101.9638	395.4718	29.16105	16.07853	930.7569	8.888129
48.42045	1706.323	3134.309	106.3768	373.8802	25.66706	14.05345	909.5703	10.54008
49.5483	1677.782	3082.801	100.2358	371.1874	26.60875	13.92429	874.0833	11.15851
50.70243	1630.364	2985.133	98.97941	357.146	25.81666	15.19175	858.7536	11.83652
51.88344	1601.177	2921.373	93.53858	350.838	25.6844	15.4835	815.0699	10.83845
53.09196	1550.488	2847.042	93.0115	345.4331	22.8746	12.10485	785.7469	9.16764
54.32863	1514.412	2781.887	91.3292	322.9574	23.57163	12.09025	766.2085	7.828217
55.59411	1479.94	2731.059	86.78528	317.901	21.76007	10.45503	762.7075	9.520031
56.88906	1421.083	2637.992	83.64689	321.131	23.83978	11.79529	735.8767	10.71544
58.21418	1400.181	2580.947	78.98292	304.4049	20.69953	11.12092	710.6839	8.604511
59.57016	1374.735	2526.244	80.19947	287.1633	21.41826	11.18509	691.651	8.012014
60.95773	1355.69	2470.522	78.21886	289.4641	20.77567	10.93049	659.2401	8.449808
62.37762	1326.422	2393.605	78.18079	280.5266	20.7573	9.999868	642.2643	8.257467
63.83058	1259.953	2339.786	71.88521	276.1399	19.10029	10.29047	624.9053	8.365633
65.31738	1241.546	2291.011	72.12993	262.1854	18.59317	10.70735	609.9573	7.307044
66.83882	1211.164	2229.812	70.55875	255.7931	18.73554	9.756621	598.8303	6.363014
68.3957	1188.017	2159.157	67.84718	257.0178	18.65452	10.22544	582.0211	6.287265
69.98884	1156.248	2103.595	68.1933	244.4156	16.94705	9.857645	555.8767	7.89962
71.61909	1139.958	2030.836	61.16459	235.1571	17.35306	9.039427	543.7512	7.191953
73.28731	1099.695	1986.607	64.41482	232.3834	15.66847	8.833665	514.4804	5.932096
74.99439	1080.775	1941.954	58.2227	231.8826	15.75289	9.19969	501.9502	5.923088
76.74123	1046.998	1886.111	57.75947	214.843	15.88693	8.128198	490.4013	6.096148
78.52877	1040.255	1851.182	57.10663	215.1879	14.80319	8.665285	475.0863	6.198086
80.35794	1010.225	1801.105	56.74762	208.5255	14.76026	7.821175	465.6833	6.997893
82.22971	974.7019	1754.015	57.63964	196.2506	14.94148	7.70061	445.6584	5.057117
84.14509	955.8845	1733.127	50.54321	193.1874	14.54521	7.581482	427.4833	4.605048
86.10508	942.358	1663.327	53.06972	186.2105	12.51282	7.738191	417.4782	5.213675
88.11073	932.599	1629.273	52.23713	180.3093	11.74531	7.240259	404.3819	5.684944
90.16309	903.2468	1585.32	47.48414	176.2049	13.52197	5.60795	383.7515	5.870004
92.26326	873.9794	1533.869	48.14467	172.7574	12.702	7.426571	372.9675	3.943765
94.41234	856.1873	1494.549	44.69632	164.02	9.860219	5.505706	367.0304	4.55472
96.61149	843.6437	1471.094	47.00496	159.1615	12.37488	6.260807	345.3715	4.40213
98.86186	813.0639	1421.691	41.25068	155.2995	12.14099	5.449105	334.8332	4.397523
101.1646	786.2417	1363.077	41.29264	149.3355	9.52907	5.698757	322.3068	4.110579
103.5211	771.2204	1333.648	37.93336	143.9733	10.95548	6.664586	309.4011	3.19535
105.9324	753.3531	1309.223	37.82824	139.4024	10.34924	6.066794	297.6298	3.702529
108.3999	731.8453	1253.178	35.35421	134.1368	10.59319	5.18761	283.2697	3.531062
110.9248	711.0968	1215.536	35.23107	134.5341	9.542636	4.600914	284.4898	2.982074
113.5086	707.4413	1198.483	34.13769	131.7215	8.700949	5.453705	270.0625	3.372138
116.1526	684.4624	1163.513	35.88301	125.1837	9.113147	6.224605	252.0355	3.661532
118.8581	672.3013	1146.172	32.641	119.1536	7.83225	4.134792	246.4972	2.783033
121.6267	655.4826	1094.906	33.60752	116.2859	8.625282	4.662315	240.964	2.758536
124.4597	639.1572	1068.35	30.94411	108.703	8.125201	3.986664	228.303	3.151363
127.3587	619.4878	1036.759	30.46236	108.0096	6.938442	4.971932	218.9505	3.228045
130.3253	604.5163	1009.57	29.95025	102.6503	7.034319	3.625938	206.6059	2.3206
133.361	590.1889	983.3647	26.22117	100.6326	7.689181	2.834721	202.8597	2.303211
136.4674	582.7798	954.3668	26.35148	95.71023	6.75235	4.32843	192.8056	2.527803
139.6461	560.7159	915.0463	26.15772	92.38107	6.530969	3.823832	186.0819	2.098032
142.8989	552.549	892.8946	24.83478	87.79805	6.117755	3.373032	175.6292	2.546309
146.2274	543.5262	858.6415	24.39873	84.83004	5.493755	3.554782	166.8809	1.712759
149.6335	526.7644	832.7172	22.92751	84.28861	5.81083	2.779093	161.8821	1.642191
153.1189	512.3974	816.1386	20.70822	79.56155	5.802006	2.592386	153.5371	1.728257
156.6855	499.1957	791.68	22.80038	77.32828	5.187389	2.503217	148.0818	1.930191
160.3352	493.2261	765.112	20.83722	74.21233	5.010364	2.446236	138.345	1.738891
164.0699	483.8422	744.0669	20.56452	73.47351	4.781107	2.419355	133.9286	1.209678
167.8915	468.6348	719.7837	20.37788	67.04434	4.447105	2.505015	125.4196	1.407312
171.8022	462.9734	697.0732	17.52104	67.14105	4.235855	2.778061	118.6314	1.457794
175.804	443.0808	680.3188	17.55228	62.3872	3.736243	2.499789	116.5493	1.47837
179.899	434.072	653.4327	17.33661	57.3159	4.412956	2.048873	109.1681	1.392183
184.0894	420.7773	633.9382	15.19645	59.55364	4.492193	2.515628	104.8863	1.001117
188.3774	416.8685	600.4181	15.52784	55.46373	4.389938	2.031914	95.47488	1.003414
192.7653	403.7023	587.8786	15.12535	52.24007	3.701666	2.010176	86.87885	1.078631
197.2553	388.6675	566.2079	13.65511	50.40412	2.970585	1.868594	82.24209	0.9103406
201.85	374.67	546.6941	14.0232	48.48422	2.879555	1.802649	76.83497	0.9598518
206.5517	371.3576	532.2366	13.1778	47.76952	2.882643	1.532834	73.89633	0.8922467
211.3629	363.4858	504.1583	12.25183	44.62527	3.308888	1.94509	70.89516	0.8719367
216.2862	360.7395	497.5544	11.68891	42.08009	2.534418	1.267209	65.96043	0.7646952
221.3241	344.6709	477.3893	11.35879	39.6917	2.604835	1.515928	59.93255	0.7259375
226.4794	338.2023	464.3109	10.55774	37.45284	2.149105	1.314501	55.96018	0.5424924
231.7548	330.4835	447.9103	9.868831	35.56041	2.589549	1.631212	53.1775	0.4689734
237.1531	322.1637	423.886	8.727592	34.91037	2.490751	1.235413	49.13754	0.6575583
242.6771	313.0779	414.4514	9.288353	32.42161	2.23933	1.070984	45.00081	0.5257558
248.3298	305.3044	395.9594	8.563136	30.35156	2.169328	1.389131	42.68248	0.399613
254.1141	300.2888	378.1132	7.810334	27.96844	1.97118	1.097166	38.9215	0.4277088
260.0332	289.2555	368.2342	8.486668	28.34947	1.962656	0.9268096	35.1279	0.4724912
266.0901	281.5346	352.8906	7.813993	26.30119	1.846944	1.118822	32.5879	0.3374224
272.2882	277.712	338.9919	7.479931	23.88024	1.631354	0.8330318	31.67256	0.3991611
278.6306	267.7611	321.778	7.07223	23.81154	1.61118	0.712311	27.44093	0.3731153
285.1207	265.8095	314.2214	6.248297	21.09836	1.441915	0.8784079	24.06506	0.248606
291.762	253.8958	299.1812	5.620175	19.28999	1.344307	0.6478588	23.50108	0.3077329
298.558	247.0402	287.8917	4.890788	18.07534	1.092118	0.5698005	19.91136	0.1424501
305.5124	243.1183	275.1051	5.119745	17.63296	1.237401	0.4949602	18.93223	0.2320126
312.6287	235.6041	264.263	4.897397	16.23397	1.118541	0.6650787	16.6572	0.1209234
319.9107	228.055	253.9491	4.830233	15.3179	0.9010527	0.5760828	14.99293	0.1329422
327.3624	225.6642	241.2974	4.22949	14.5506	0.851672	0.5918398	13.00604	0.1010458
334.9876	219.3707	229.4851	3.752338	12.38554	0.9451378	0.394983	12.25858	0.05642614
342.7905	214.777	223.2275	3.694495	12.26903	0.5789881	0.3997775	9.663587	0.06892715
350.7751	209.6591	208.0425	3.260136	10.91203	0.7005251	0.296376	9.564862	0.09430145
358.9457	202.6749	199.568	2.922626	9.834243	0.7240741	0.2632997	7.859496	0.02632997
367.3066	195.4884	191.2815	2.611658	9.070045	0.4631512	0.2444409	7.346093	0.02573062
375.8623	191.1266	180.9303	2.715652	8.599564	0.5280434	0.2891666	6.663405	0.06286231
384.6173	186.1617	172.7328	2.64155	7.88779	0.4300197	0.2457256	5.934272	0.06143139
393.5762	180.2072	163.0978	1.849018	7.095905	0.3842115	0.276152	5.547053	0.04802643
402.7437	175.7884	155.1378	1.994662	6.547184	0.2815993	0.1877329	4.716788	0.03519991
412.1248	170.2849	143.0755	1.54794	5.756043	0.3439867	0.2407907	3.864117	0.03439867
421.7245	169.3333	135.8073	1.792835	4.717397	0.3361566	0.1568731	3.473618	0.03361566
431.5477	161.4053	129.6061	1.467321	4.675717	0.3832555	0.2299533	2.912742	0.03285047
441.5997	155.2487	125.2433	1.230604	4.066342	0.1926162	0.1391117	2.204386	0.0107009
451.8859	153.1056	113.8802	1.098018	3.806464	0.1882317	0.1254878	2.196037	0.01045732
462.4117	148.9665	109.1113	1.032147	3.331486	0.1941663	0.09197353	1.747497	0.01021928
473.1826	144.4271	101.3846	0.8488662	3.105852	0.1797599	0.04993331	1.468039	0.04993331
484.2045	141.7544	97.26156	0.868581	2.94732	0.1463901	0.01951868	1.337029	0.03903735
495.483	137.4118	86.44507	0.8011238	2.384297	0.1430578	0.09537188	1.106314	0.01907438
507.0243	132.3547	82.20324	0.782888	1.97586	0.1304813	0.06524066	0.885409	0.0
518.8344	130.2163	77.08053	0.5646925	1.885344	0.1001874	0.08197149	0.6375561	0.009107944
530.9196	123.9056	71.95263	0.5696398	1.57541	0.08010559	0.05340373	0.6052423	0.008900622
543.2863	122.9813	65.65265	0.3218267	1.313401	0.08698019	0.08698019	0.5044851	0.008698019
555.9411	119.0684	61.8292	0.3910013	1.224004	0.07650025	0.06800022	0.4080013	0.0
568.8906	114.406	56.70047	0.290729	1.162916	0.04983926	0.03322617	0.3904075	0.008306543
582.1418	111.5908	51.87059	0.2841112	0.8604511	0.01623493	0.02435239	0.2354064	0.008117463
595.7016	109.7487	48.39733	0.253846	0.8646629	0.05552881	0.01586537	0.1110576	0.0
609.5773	105.359	44.1173	0.1938029	0.6976906	0.03100847	0.03100847	0.1938029	0.0
623.7762	102.0062	40.3631	0.2196941	0.6893848	0.01515132	0.0	0.1363618	0.0
638.3058	98.1	36.70514	0.1332579	0.6366765	0.02961286	0.0	0.1628707	0.0
653.1738	97.03175	33.71369	0.1808674	0.311092	0.02170409	0.007234697	0.05787757	0.0
668.3882	94.65336	30.65559	0.07777017	0.3110807	0.01414003	0.01414003	0.06363014	0.0
683.957	92.81661	27.40142	0.08290898	0.2487269	0.02072725	0.02763633	0.04836357	0.0
699.8884	87.34144	24.34703	0.09452537	0.216058	0.02025544	0.0	0.02025544	0.0
716.1909	86.0725	21.87277	0.03299061	0.1583549	0.006598122	0.0	0.01979437	0.0
732.8731	82.38521	20.77523	0.08382309	0.1483024	0.01289586	0.0	0.05803137	0.0
749.9439	79.4576	18.20404	0.05671042	0.1953359	0.01260232	0.0	0.03780695	0.0
767.4123	77.31025	15.61599	0.04926181	0.04310408	0.0	0.006157726	0.01231545	0.0
785.2877	75.27364	14.52639	0.03610535	0.06017559	0.0	0.0	0.01805268	0.0
803.5794	71.54905	12.30806	0.03528349	0.02940291	0.005880582	0.0	0.0	0.0
822.2971	69.05838	11.86124	0.0	0.02873362	0.0	0.0	0.01724017	0.0
841.4509	66.84621	10.06933	0.01123183	0.03931139	0.005615913	0.0	0.005615913	0.0
861.0508	65.07215	8.336392	0.01097616	0.07134502	0.0	0.0	0.01097616	0.0
881.1073	62.3574	7.631769	0.005363155	0.02681577	0.0	0.0	0.005363155	0.0
901.6309	60.42959	6.498932	0.0209643	0.0209643	0.0	0.005241075	0.0	0.0
922.6326	59.5611	5.669803	0.005121773	0.01536532	0.0	0.0	0.005121773	0.0
944.1234	56.76383	4.819995	0.0	0.01001037	0.0	0.0	0.0	0.0
966.1149	55.13423	4.24561	0.0	0.0	0.0	0.0	0.0	0.0
988.6186	52.97582	3.604057	0.0	0.0	0.0	0.0	0.0	0.0
