0 105268500 23380830 1090984 3761383 296711 168897 10677030 114119
0 102109500 22919990 887714 3872042 209661 156130 10563360 102600
0 99820070 23418350 985209 3653124 265919 213607 10192130 143858
0 97343410 23153670 992604 3676471 285427 127803 10024030 85202
0 96901100 23192820 982499 3567805 216482 162362 9504434 141546
0 94463460 23083930 878767 3755105 284785 195281 9222993 134256
0 91466370 23063390 1077431 4174550 254448 147103 8786433 147103
0 89015240 23229980 932462 3753163 283624 135984 8730184 104902
0 87866080 22959390 937815 3580404 292355 155669 8709912 91123
0 84185190 22874600 920178 3602795 256017 159547 8329840 115022
0 83537980 23253140 1091407 3734716 232060 170419 8401298 174045
0 82043910 23244710 1073651 3614269 240951 162996 8266755 124019
0 80162520 23498180 1073451 3687822 249317 138509 8130522 93494
0 78395320 23257700 1018561 3573422 267329 128589 7752565 104901
0 76448790 23779880 879633 3392874 231482 115741 7285089 109127
0 74143070 23348460 992107 3425518 242371 106643 7287304 119570
0 72477470 23300160 925311 3259118 274751 110532 7197218 85267
0 71725760 23260490 919679 3225051 194428 129619 7113630 98757
0 69752280 23270870 877633 3142592 265401 123652 6894401 90477
0 67330450 23336510 822289 3262631 218098 156205 6943775 70734
0 66944130 23300690 771889 3093318 210253 97926 6584102 95046
0 64713830 23181240 751504 3138305 222355 90067 6445488 90067
0 62825430 23434730 775656 2976101 222795 99019 6331778 93518
0 62051200 23492640 814447 2884165 212347 120957 6152706 61822
0 60475890 23638210 767013 2710816 183873 141845 6383026 65668
0 59207100 22887080 693081 2805695 213058 133482 5999003 66741
0 58203050 23274200 714932 2726779 190648 112884 5664274 75256
0 56772780 23526420 713367 2534784 223080 93154 5792740 49028
0 55010930 23206500 699524 2616032 177276 91034 5486000 71869
0 54283130 23298650 737447 2320032 184947 107690 5333030 70233
0 53342630 23402030 695494 2532608 187600 100663 5147577 77785
0 51509100 22795550 688606 2410122 187801 87193 5291985 60364
0 50561650 23349420 679486 2342152 135460 76469 5042619 58990
0 49269810 23616460 664019 2256812 168673 100350 5000429 55512
0 48290170 22995420 584222 2376534 169007 87633 5061872 64681
0 47451950 22553540 607626 2363218 159043 69326 4818192 40780
0 45638530 21815000 599772 2257617 159408 109593 4698553 53800
0 45049490 21522890 564700 2171177 134359 81784 4714277 46733
0 44124890 20779880 572778 2095114 125592 91340 4154073 66602
0 42735550 20273400 543004 1937707 126453 81822 4423997 59507
0 41726420 20108130 536095 2064423 127209 63604 4379630 43614
0 40817460 19891940 539875 1967705 142072 79915 4288817 31966
0 40586000 19475590 541470 1940270 138838 64212 3982933 59006
0 38617430 18777870 512185 1879144 142462 71231 4073740 52575
0 37990310 18305690 507156 1831397 172366 76239 4106971 49721
0 37512640 17969980 497231 1690911 144148 58307 3833704 46969
0 36587520 17522950 514403 1725229 120291 66476 3668882 45900
0 35994440 17100880 484133 1738548 106725 52589 3843676 68057
0 34936280 16507550 465555 1661185 105808 69530 3588402 40811
0 33848560 16443470 474160 1635189 132942 56131 3522968 28065
0 33073740 16124030 427279 1547445 122698 56296 3516395 41861
0 32710230 15567970 349842 1526327 117084 59247 3415192 33855
0 31545200 15294940 449405 1446092 93740 52384 3315396 34463
0 31069630 14909060 386636 1427993 113161 60622 3351743 30984
0 29947710 14834300 401532 1507391 94787 73723 3264916 38178
0 29565770 14348680 353796 1435769 106782 42455 3172586 34736
0 28818600 14133960 414891 1355311 84235 52804 3033735 32688
0 28376390 13763090 326815 1344119 105662 47916 2936420 35630
0 27771280 13378960 345790 1330332 90049 49227 2819152 28815
0 27218920 12886690 342612 1305917 91519 51626 2868793 35199
0 25928570 12792860 323347 1284217 94023 43571 2727814 22932
0 26037570 12600270 333915 1218007 89641 53785 2693735 35856
0 25167840 12148100 310984 1249413 81031 40515 2728779 37230
0 24750110 11760290 349919 1182450 79186 44943 2677365 27822
0 24007910 11599260 321039 1077104 79475 44966 2434464 30326
0 23401130 11370990 320885 1156823 69491 45986 2385180 35767
0 23029240 11330870 306590 1117507 73901 36950 2473696 26963
0 22345960 10833840 296683 1068647 82954 54652 2419340 28302
0 22012780 10693100 314727 1037646 70575 44824 2402418 43871
0 21382160 10588560 264690 1071811 61512 39144 2387808 26096
0 21016580 10171750 275970 1021000 79239 43718 2273343 26413
0 20484780 9860999 271469 965717 62304 33822 2252747 16911
0 20057630 9750479 267029 884588 73933 44359 2112749 32182
0 19612960 9414631 271150 961353 56100 20400 2126707 20400
0 18943900 9380579 255010 918703 60637 38210 2128967 25750
0 18679100 9266896 275182 901038 57633 38963 2028554 32469
0 18280080 8854466 247499 947162 65048 30937 2018869 14278
0 17846150 8606401 227912 855058 77521 31008 1930277 20155
0 17503560 8537766 261360 862867 49241 31060 1954520 21969
0 16965210 8460394 214693 859513 71070 31833 1838218 21469
0 16532730 8097796 204018 842842 53536 26768 1792034 22427
0 16384050 7855494 225533 820121 60095 29694 1782351 25452
0 15962050 7805190 233527 771744 46981 35927 1762507 23490
0 15452870 7491811 232937 758903 54014 41861 1787880 20930
0 15314240 7526478 209820 752845 47506 25072 1677243 20454
0 14914060 7298412 197951 740867 56096 29015 1664856 23212
0 14599780 7063598 194705 725893 52929 32766 1635781 21423
0 14185550 6949609 186579 734000 56651 16010 1611477 16010
0 13911990 6761931 181730 676975 45733 28282 1585627 21663
0 13737630 6712685 189354 645099 48220 23522 1536596 18817
0 13161720 6500120 179297 687882 52295 34480 1472311 16090
0 12859880 6307231 172408 634598 37065 24710 1427003 18532
0 12581970 6248178 166288 586675 42807 20305 1454890 11524
0 12142180 6144567 170012 628561 34860 31642 1429817 19307
0 11921870 5882058 167190 640983 39308 23060 1421904 13626
0 11356000 5793238 159287 602832 42510 15877 1324491 18438
0 11005910 5681388 155160 586608 41543 17518 1305853 15516
0 10709890 5644020 143313 578635 46956 22010 1294715 14673
0 10207030 5428552 162517 560684 36805 24855 1272892 15773
0 10041960 5295173 138732 569875 36434 19618 1249523 13546
0 9624393 5249503 137856 521298 27845 20998 1261707 18259
0 9490518 5006889 140517 529506 42378 17397 1200422 17397
0 9139784 5061625 131216 489989 39669 20924 1192714 11334
0 9023755 4872708 141009 496728 35358 24282 1142560 14910
0 8875384 4696015 136550 477927 35802 19566 1154021 13322
0 8661964 4668860 137917 465421 29699 17087 1091950 13018
0 8455252 4606715 130405 483850 38167 19083 1046818 13915
0 8176534 4466886 133653 463511 32636 20203 1090982 17872
0 8122923 4323063 126054 429800 33412 18984 1041469 9871
0 7871606 4216124 123927 445247 31167 17438 1008486 11873
0 7649278 4186870 125457 450704 30820 18492 975739 11240
0 7591383 4049045 109845 432649 28701 20197 978333 12047
0 7352444 4025439 117387 429033 27701 14543 966105 13158
0 7228396 3921289 114715 386105 28424 15227 951558 13874
0 7026159 3790693 109788 402779 26785 16534 930229 10582
0 6859761 3744479 96625 377453 26822 16804 929414 11633
0 6735194 3651980 107058 380862 21159 17369 907942 13895
0 6588363 3538915 103078 376513 27466 16048 885114 10184
0 6355456 3553663 107366 375180 22921 15682 874014 10254
0 6267670 3382290 98144 354851 25641 15325 843804 9726
0 6141994 3297811 97926 360887 27073 11808 834965 9216
0 5947018 3290577 98793 328185 23642 15198 833691 10695
0 5804771 3266009 96819 355096 27780 15403 797110 9351
0 5661618 3117478 99722 335186 25804 12633 761763 7795
0 5502799 3052820 86157 299976 20488 11032 774368 11820
0 5436580 3075227 92410 311116 22075 12321 768550 10781
0 5310571 2956310 87547 322096 21573 11288 752309 10034
0 5263230 2893428 82858 321383 20592 11521 729056 11031
0 5097668 2860626 84565 279091 21800 11499 715096 8384
0 4997785 2739558 81002 282102 18494 10769 697882 8896
0 4863888 2701220 74353 302220 22191 11210 703502 6863
0 4748925 2619611 83169 291316 19227 10731 662671 8495
0 4653498 2608922 78217 271139 19226 10268 647806 10050
0 4570204 2503203 78999 267529 18575 11743 650141 8540
0 4435919 2452274 77409 272706 18778 10641 628039 8971
0 4343509 2395027 73200 254672 19166 9379 654931 9175
0 4231886 2386937 70936 256647 17136 8368 624481 7771
0 4149577 2302032 65622 247689 14993 9736 585730 7788
0 4024103 2253056 74213 249853 14462 10085 597897 7801
0 3955005 2208279 68061 236541 17108 9112 588378 5950
0 3853711 2166917 60151 244059 19081 9995 570987 6360
0 3757110 2121854 65886 232111 17936 8346 559766 6748
0 3625250 2084662 64212 224918 18049 8330 547197 6594
0 3569696 2029238 64955 226752 16111 9667 539660 5427
0 3542470 1993654 61322 212641 15910 7458 528702 6795
0 3460699 1946654 59279 216708 14414 8422 514237 4858
0 3358657 1941912 56030 214466 14561 6014 517252 6331
0 3279112 1877291 60941 203088 16086 8971 498827 5413
0 3192075 1807956 52752 196954 13150 6499 473566 7406
0 3154423 1809491 55688 202515 15509 7828 480659 4874
0 3052017 1752279 49223 190399 13569 6928 490794 4907
0 2988046 1697580 50501 188181 11003 6347 478493 6206
0 2943052 1687475 51006 185000 14061 7857 469118 4962
0 2850059 1656068 46342 187121 15896 6331 444294 5119
0 2802957 1616133 52396 185363 13033 7372 444318 7109
0 2739282 1578059 46958 173939 10549 7976 434204 5274
0 2660836 1584382 47775 175637 12572 6411 434378 6411
0 2568938 1529642 49759 167216 13760 6511 436162 3808
0 2562570 1498545 43824 167972 11526 7083 415188 5883
0 2490042 1469831 48693 171306 11146 7743 413129 5279
0 2432444 1417684 43456 154335 12268 7682 404643 4357
0 2399261 1384181 44148 156312 11877 6162 390053 5266
0 2337092 1339971 44457 159434 12921 6132 391358 6351
0 2270624 1341358 41626 147886 10058 5457 367790 4601
0 2216324 1326825 44443 151003 10980 4705 366947 4705
0 2154633 1287834 42920 153084 10730 5722 373923 4189
0 2123464 1257421 40445 144706 11983 4793 352928 4094
0 2041946 1221283 41086 140729 9564 5855 360997 4196
0 1998422 1221809 35669 137526 8774 5626 353734 4100
0 2008574 1181136 36161 135514 10811 4939 347080 3634
0 1938079 1164724 36705 139169 10291 5282 337176 5191
0 1888445 1142128 34890 131195 8811 5073 323003 4895
0 1848068 1121175 35313 130383 10524 4696 325131 4609
0 1822066 1105854 34765 125715 8245 5525 317391 3740
0 1763230 1057008 32561 127339 8140 4485 313738 4485
0 1724717 1052267 32469 124765 8766 4789 315769 4221
0 1709494 1032281 34348 122956 8170 4204 312706 3728
0 1639805 1008085 30775 117367 8682 3100 306673 3178
0 1600736 976502 31590 120225 7424 4848 295677 3257
0 1564817 986478 35535 107272 8439 4441 289465 3257
0 1553362 949481 30023 112354 9405 3979 288953 3906
0 1511711 915849 32380 112201 8271 3322 280467 2898
0 1472394 897489 28465 111167 7323 5250 277399 4421
0 1438946 903865 30248 102627 6076 5604 267236 4118
0 1390092 880453 30087 100159 8313 4156 269467 2969
0 1367348 854737 28499 106842 7544 3675 263913 3739
0 1339752 840070 27473 102204 7498 4284 256583 3276
0 1311349 826797 25800 97846 6711 3633 255915 3509
0 1251652 820012 26116 94234 7642 3068 252496 3068
0 1235158 791467 25345 96853 6527 3469 246161 2822
0 1220892 795116 24136 89993 6953 3505 235730 3333
0 1185463 762360 24653 92662 6458 3257 240810 3313
0 1166381 742043 23488 92144 6036 4006 231761 3567
0 1135916 731158 24563 90101 5792 3807 229918 3432
0 1113204 717922 23951 85586 5503 3406 226676 3249
0 1092064 702297 23560 85840 5275 3226 228892 2356
0 1051640 688163 20771 83036 5205 3503 220878 2953
0 1040419 675971 21766 82417 5576 3374 213894 2983
0 1021659 662878 20697 82166 5162 3011 207209 2963
0 984156 657272 22421 76606 5652 3596 207631 2102
0 960567 634961 21774 82166 5066 2921 203315 2419
0 936338 631481 21858 77753 5665 2988 200917 2230
0 923133 608040 19181 75024 5667 3487 198829 2484
0 903909 602038 19894 74296 5623 3280 192855 2130
0 872925 593371 20898 72688 5828 2914 194460 2456
0 863470 571727 19894 69487 5573 2888 188772 2074
0 837613 563763 18487 71007 5407 2107 189007 2226
0 817303 560565 19542 69235 5361 2991 181830 2952
0 808115 547881 18224 68684 5961 3037 179855 2012
0 776363 536560 18626 66824 5157 2411 180325 2374
0 768336 527936 17440 64686 4459 2828 172957 1958
0 754213 518647 16724 64135 4004 2515 176248 2090
0 731850 517333 17071 64268 4328 2320 167562 2320
0 723550 500617 17697 63786 4839 2910 171598 2098
0 694712 494810 15343 63161 4761 1884 166336 2050
0 682162 477278 16222 61012 4524 2843 160482 1938
0 668624 475603 15158 58076 4894 2684 156860 2084
0 655750 466043 17097 57094 4104 2561 153382 2222
0 643688 449794 15652 56880 4192 2473 155229 2050
0 628299 445951 15561 57324 4244 2122 153523 1797
0 610743 432891 15524 55213 3974 2332 145766 1987
0 590423 422193 15367 53759 4081 2223 144728 1688
0 584905 421110 14330 53910 3300 2310 146714 1925
0 565059 416255 15213 55264 3709 2015 137595 1827
0 552039 397822 15077 52193 4255 2022 139113 2101
0 543298 398162 15376 51519 3542 2079 135818 2104
0 528975 392886 13897 49493 3587 1981 134357 1881
0 516639 382007 13654 50622 3309 2255 133578 1568
0 510293 374533 13175 48008 3497 2132 129364 1700
0 495798 365048 12876 48016 3652 2060 125272 2013
0 479685 355823 13269 49279 3111 1921 124960 1647
0 470309 357158 11715 47665 3130 1743 124619 1408
0 466245 349378 12759 45881 2949 1747 118855 1485
0 451405 342621 11913 44453 3159 1772 123580 1024
0 434953 338098 12665 44818 3943 1752 120579 1731
0 424869 327057 10643 42574 3180 1651 117834 1671
0 422989 326607 10501 44315 3168 1853 113658 1474
0 408687 316505 10904 43345 3505 1402 111947 1363
0 399346 318244 11208 40646 2683 2188 109341 1579
0 392450 308508 10860 40520 3217 1710 108805 1245
0 388151 305011 11121 39689 2762 1526 108800 1399
0 375355 298956 11028 39833 2681 1722 107033 1545
0 371219 290346 10742 36965 3123 1596 103382 1579
0 355968 286552 10922 37735 2832 1543 102657 1526
0 348495 280328 9231 36379 2950 1309 102823 1425
0 341405 275404 10689 38272 2721 1149 99284 1311
0 333744 269009 9892 35628 2769 1440 98005 1171
0 321538 267495 9698 35234 2552 1546 96548 1237
0 316789 264610 10762 35884 2116 1723 93670 1254
0 314452 257110 9320 34727 2703 1536 90769 1477
0 304797 253913 8603 34730 2064 1414 90046 1226
0 295433 249854 8717 32811 2214 1241 90592 1114
0 291038 244429 8615 32754 2302 1461 88502 1171
0 284143 238677 8702 33207 2600 1293 87835 1158
0 275964 234929 8465 30858 2330 1171 86256 987
0 270866 232785 8118 32073 2225 1389 85104 1067
0 268107 223073 8046 30752 2162 1332 81633 1181
0 259793 223696 7973 31944 2150 1388 81470 958
0 256617 218928 7552 30424 1981 1224 81224 1008
0 247525 217336 7626 30154 1900 1231 79974 891
0 241341 210095 7957 29204 1800 1054 76319 917
0 234682 207307 7361 28898 2016 1176 75937 1053
0 231157 204198 7654 27769 1971 1138 73771 908
0 224290 200759 7576 27640 1904 1252 72509 941
0 220042 197800 7121 26279 1735 1035 72939 1118
0 216464 194309 7112 25824 2054 1083 70932 848
0 211657 190845 6661 26534 1797 1068 71923 1028
0 208117 186608 6333 25149 1805 780 67768 946
0 202407 184439 6342 25159 1897 1154 66741 944
0 195405 181685 6971 24782 1556 1053 65771 950
0 190520 177450 6849 22906 1776 947 65868 883
0 188417 175511 6274 24236 1664 881 63399 854
0 182858 172455 6158 23145 1574 887 63017 817
0 176860 168292 5984 23171 1632 952 61718 714
0 175700 165873 6296 23914 1860 863 61393 764
0 170734 162365 5828 22696 1509 738 60775 698
0 168125 159351 6219 22021 1507 872 58693 650
0 160608 155437 5705 21884 1434 798 58637 751
0 161460 152998 5863 21272 1590 931 58355 621
0 154105 152373 5700 20284 1591 784 54902 740
0 151255 148477 5317 20061 1396 795 53941 737
0 147763 145211 5005 20085 1414 707 53732 544
0 143936 143743 5561 19787 1312 766 52543 663
0 142199 140910 5104 18972 1424 749 52036 749
0 139946 138395 4988 18844 1233 851 50007 673
0 133414 134806 5332 18589 1263 786 49552 664
0 133168 134599 5116 17813 1090 724 47914 636
0 130432 131867 4926 18054 1397 621 48830 554
0 126152 129389 4820 18070 1341 716 47352 577
0 122557 126144 4827 17606 1287 799 45762 593
0 120077 124364 4424 17096 1160 655 44841 603
0 117675 122309 4655 17167 1302 578 45202 533
0 115809 119618 4489 16568 1130 713 44382 482
0 111623 117415 4204 16695 1083 702 43838 557
0 110240 116477 4266 15828 1200 566 42672 503
0 106123 113237 4030 15979 1188 650 41404 548
0 103757 112972 4264 15776 1236 710 40857 420
0 101840 108429 4015 14619 1056 621 40191 533
0 98059 106424 4139 14502 1003 602 38956 454
1 97574 105786 3961 14555 1060 551 38681 406
1 94043 103159 3889 14420 1049 584 38526 524
1 90827 101989 3778 14368 981 539 37957 437
1 90395 100059 3622 13919 845 514 36810 449
1 88818 99422 3727 12933 903 532 35452 396
1 87126 95997 3555 13272 1082 491 35165 453
1 84272 95094 3344 12908 886 467 33751 459
1 82850 93772 3609 12821 946 536 33992 477
1 80891 91179 3209 12685 944 415 33681 388
1 78279 89529 3572 12339 884 489 32648 345
1 77354 88711 3376 11984 864 489 32588 352
1 75285 86264 3285 12215 888 540 31393 406
1 72983 85442 3192 11519 864 442 31256 340
1 71311 84501 3171 11388 879 422 30399 290
1 70226 82104 3075 11217 866 460 29179 382
1 68188 80767 2867 11028 734 423 28558 330
1 66303 79982 2769 10690 798 465 28622 368
1 65697 77498 2782 10528 802 394 28488 366
1 63522 75959 2839 10570 780 466 27929 330
1 63271 76031 2690 10447 672 392 26923 398
1 60778 73454 2855 10294 695 427 26578 347
1 59205 73424 2710 10092 702 408 26229 374
1 57103 71736 2336 9727 740 379 25517 275
1 56265 69679 2692 9640 701 382 25461 272
1 55567 68816 2510 9233 612 346 24820 290
1 53856 67455 2358 9198 664 386 23971 262
1 52260 65152 2497 8986 667 387 23693 320
1 51721 64710 2400 8774 654 381 22790 255
1 50367 63004 2282 8874 583 387 22864 294
1 49488 62423 2290 8279 586 332 22188 285
2 47896 60508 2069 8123 636 351 21931 297
2 46822 60608 2212 8119 583 288 21489 240
2 45582 58580 2170 8122 487 337 20960 261
2 44677 58197 2023 7935 539 301 20502 231
2 43434 56751 2109 7609 572 315 20110 277
2 42508 55590 2082 7417 557 352 19590 239
2 41528 54543 1979 7391 515 275 19297 246
2 40627 53565 2024 7330 545 288 18712 251
2 39828 52957 1867 6862 475 323 18498 198
2 38399 51399 1798 6985 449 277 18307 216
2 37906 50596 1855 6873 459 252 18043 243
2 37203 49800 1846 6849 481 247 17365 243
2 36223 48556 1848 6556 516 236 17029 179
2 35244 48052 1716 6554 484 274 16376 199
2 34397 46887 1617 6283 408 261 16298 211
2 33551 46055 1700 5875 435 261 15930 213
2 32958 45316 1648 5955 401 286 15791 207
2 31812 44309 1611 5979 436 234 15186 199
3 31434 43494 1548 5808 434 225 15484 176
3 30453 42651 1511 5609 406 231 14723 188
3 29795 41866 1527 5462 392 226 14608 168
3 29232 40936 1440 5489 435 177 14282 167
3 28059 40028 1455 5408 407 207 13791 163
3 27656 39052 1379 5115 347 232 13954 179
3 26943 38303 1398 5129 354 199 13361 176
3 26540 37791 1329 5010 371 193 12796 185
3 25676 36581 1331 4967 326 205 12750 173
3 25116 35969 1315 4738 305 163 12437 140
3 24652 35400 1288 4588 341 190 12189 138
3 24328 35031 1264 4705 332 190 12022 158
4 23446 34264 1242 4489 285 184 11635 137
4 22682 33303 1191 4435 306 182 11499 137
4 22207 33125 1182 4373 308 183 11185 144
4 21745 32238 1157 4326 291 153 11046 116
4 21157 31294 1158 4261 294 162 10588 117
4 20998 30871 1073 4132 253 175 10686 133
4 20341 29990 1068 3901 285 182 10248 117
4 19960 29777 1060 3930 272 143 9922 119
4 19331 28956 1022 3719 281 158 10025 127
4 18808 28499 1054 3771 244 142 9628 126
5 18469 27627 979 3758 308 133 9495 112
5 17816 27274 965 3622 258 122 9156 103
5 17465 26597 959 3602 226 146 9035 94
5 17026 25867 918 3511 247 120 8806 99
5 16779 25938 897 3376 244 127 8591 95
5 16414 25221 908 3328 248 133 8503 106
5 15921 24564 806 3150 241 144 8365 112
5 15630 24029 848 3133 213 130 8119 107
6 15224 23426 844 3150 202 127 7771 104
6 14755 23113 778 3077 199 112 7730 98
6 14598 22784 811 3004 199 116 7540 96
6 14148 22402 771 2880 189 115 7359 99
6 13824 21833 758 2895 205 112 7231 89
6 13502 21146 749 2789 196 115 7077 96
6 13101 20969 712 2654 203 106 6802 87
7 12816 20580 724 2698 178 102 6767 78
7 12530 19967 742 2554 206 110 6694 72
7 12069 19592 643 2519 183 105 6425 85
7 11875 19197 701 2496 181 94 6260 70
7 11675 18789 649 2435 185 98 6214 77
8 11414 18376 625 2393 171 92 6005 75
8 11122 18007 591 2341 156 89 5932 79
8 10805 17628 612 2278 166 93 5741 64
8 10674 17294 618 2191 175 94 5608 86
8 10335 16749 560 2184 154 92 5590 77
9 10024 16603 582 2134 159 86 5528 64
9 9785 16294 576 2083 151 79 5309 67
9 9594 15937 561 1945 147 80 5126 59
9 9332 15572 542 2001 148 89 5010 66
9 9220 15059 514 1962 135 72 4859 70
10 8816 14865 536 1869 154 76 4729 55
10 8643 14608 511 1841 139 80 4698 59
10 8454 14208 501 1849 129 73 4604 50
10 8301 13911 491 1768 128 70 4409 55
11 8008 13604 477 1786 122 70 4381 63
11 7852 13238 448 1768 117 55 4278 51
11 7609 13036 434 1654 114 69 4167 54
11 7555 12749 458 1629 128 67 4100 51
12 7338 12527 420 1613 108 66 4051 59
12 7168 12179 427 1581 107 69 3896 53
12 6898 12052 380 1527 108 59 3918 37
13 6771 11672 407 1512 112 55 3753 40
13 6653 11331 405 1469 99 52 3661 46
13 6476 11135 381 1379 95 56 3569 38
13 6228 10905 391 1382 92 58 3525 45
14 6233 10750 365 1390 98 55 3434 40
14 5985 10402 366 1318 97 54 3296 40
14 5902 10225 337 1267 91 52 3277 45
15 5748 10028 336 1269 82 52 3194 41
15 5631 9775 329 1241 85 47 3120 38
16 5549 9581 335 1176 82 47 3056 38
16 5355 9298 334 1161 95 46 2942 35
16 5234 9112 296 1204 81 49 2898 37
17 5069 8922 293 1160 78 43 2837 41
17 4979 8783 299 1100 81 43 2762 33
17 4898 8598 300 1070 76 48 2723 38
18 4680 8468 285 1068 75 38 2615 38
18 4594 8165 279 1048 70 37 2577 34
19 4528 7927 258 1034 75 41 2482 29
19 4425 7830 259 991 74 37 2420 28
20 4252 7669 268 944 66 36 2342 35
20 4209 7414 252 957 65 36 2355 26
21 4084 7308 244 913 65 35 2244 28
21 3996 7099 241 897 59 40 2216 25
22 3876 7004 243 885 60 32 2151 29
22 3804 6865 227 853 59 34 2098 26
23 3718 6692 223 830 60 34 2068 25
23 3609 6536 225 813 60 35 1999 24
24 3526 6360 203 798 59 30 1951 24
24 3414 6216 214 768 49 31 1893 20
25 3367 6095 205 758 50 28 1856 24
26 3287 5956 192 746 52 26 1837 23
26 3134 5803 200 697 49 30 1784 22
27 3142 5701 187 723 51 26 1741 22
27 3049 5534 179 673 53 26 1700 22
28 2992 5448 182 676 52 27 1654 22
29 2936 5290 178 648 47 29 1598 24
29 2838 5125 182 652 47 22 1572 19
30 2758 5033 164 619 45 25 1541 17
31 2687 4928 166 605 40 24 1489 14
31 2649 4844 162 597 43 24 1446 20
32 2600 4731 152 569 39 24 1400 18
33 2552 4613 159 574 40 23 1391 14
34 2448 4517 146 564 45 21 1342 16
35 2386 4352 148 535 40 21 1331 16
35 2350 4295 138 516 37 22 1256 13
36 2290 4143 140 503 34 23 1223 14
37 2212 4123 132 511 33 20 1195 12
38 2177 4035 133 493 33 20 1196 17
39 2118 3892 131 464 36 18 1141 14
40 2090 3815 125 459 36 17 1100 12
41 2008 3733 126 447 30 19 1076 12
42 1973 3602 126 444 29 18 1062 12
43 1908 3522 109 427 29 17 1017 12
44 1855 3476 107 428 32 15 1005 12
45 1856 3355 110 405 30 14 969 10
46 1798 3278 105 394 29 16 943 11
47 1754 3216 101 395 29 16 930 8
48 1706 3134 106 373 25 14 909 10
49 1677 3082 100 371 26 13 874 11
50 1630 2985 98 357 25 15 858 11
51 1601 2921 93 350 25 15 815 10
53 1550 2847 93 345 22 12 785 9
54 1514 2781 91 322 23 12 766 7
55 1479 2731 86 317 21 10 762 9
56 1421 2637 83 321 23 11 735 10
58 1400 2580 78 304 20 11 710 8
59 1374 2526 80 287 21 11 691 8
60 1355 2470 78 289 20 10 659 8
62 1326 2393 78 280 20 9 642 8
63 1259 2339 71 276 19 10 624 8
65 1241 2291 72 262 18 10 609 7
66 1211 2229 70 255 18 9 598 6
68 1188 2159 67 257 18 10 582 6
69 1156 2103 68 244 16 9 555 7
71 1139 2030 61 235 17 9 543 7
73 1099 1986 64 232 15 8 514 5
74 1080 1941 58 231 15 9 501 5
76 1046 1886 57 214 15 8 490 6
78 1040 1851 57 215 14 8 475 6
80 1010 1801 56 208 14 7 465 6
82 974 1754 57 196 14 7 445 5
84 955 1733 50 193 14 7 427 4
86 942 1663 53 186 12 7 417 5
88 932 1629 52 180 11 7 404 5
90 903 1585 47 176 13 5 383 5
92 873 1533 48 172 12 7 372 3
94 856 1494 44 164 9 5 367 4
96 843 1471 47 159 12 6 345 4
98 813 1421 41 155 12 5 334 4
101 786 1363 41 149 9 5 322 4
103 771 1333 37 143 10 6 309 3
105 753 1309 37 139 10 6 297 3
108 731 1253 35 134 10 5 283 3
110 711 1215 35 134 9 4 284 2
113 707 1198 34 131 8 5 270 3
116 684 1163 35 125 9 6 252 3
118 672 1146 32 119 7 4 246 2
121 655 1094 33 116 8 4 240 2
124 639 1068 30 108 8 3 228 3
127 619 1036 30 108 6 4 218 3
130 604 1009 29 102 7 3 206 2
133 590 983 26 100 7 2 202 2
136 582 954 26 95 6 4 192 2
139 560 915 26 92 6 3 186 2
142 552 892 24 87 6 3 175 2
146 543 858 24 84 5 3 166 1
149 526 832 22 84 5 2 161 1
153 512 816 20 79 5 2 153 1
156 499 791 22 77 5 2 148 1
160 493 765 20 74 5 2 138 1
164 483 744 20 73 4 2 133 1
167 468 719 20 67 4 2 125 1
171 462 697 17 67 4 2 118 1
175 443 680 17 62 3 2 116 1
179 434 653 17 57 4 2 109 1
184 420 633 15 59 4 2 104 1
188 416 600 15 55 4 2 95 1
192 403 587 15 52 3 2 86 1
197 388 566 13 50 2 1 82 0
201 374 546 14 48 2 1 76 0
206 371 532 13 47 2 1 73 0
211 363 504 12 44 3 1 70 0
216 360 497 11 42 2 1 65 0
221 344 477 11 39 2 1 59 0
226 338 464 10 37 2 1 55 0
231 330 447 9 35 2 1 53 0
237 322 423 8 34 2 1 49 0
242 313 414 9 32 2 1 45 0
248 305 395 8 30 2 1 42 0
254 300 378 7 27 1 1 38 0
260 289 368 8 28 1 0 35 0
266 281 352 7 26 1 1 32 0
272 277 338 7 23 1 0 31 0
278 267 321 7 23 1 0 27 0
285 265 314 6 21 1 0 24 0
291 253 299 5 19 1 0 23 0
298 247 287 4 18 1 0 19 0
305 243 275 5 17 1 0 18 0
312 235 264 4 16 1 0 16 0
319 228 253 4 15 0 0 14 0
327 225 241 4 14 0 0 13 0
334 219 229 3 12 0 0 12 0
342 214 223 3 12 0 0 9 0
350 209 208 3 10 0 0 9 0
358 202 199 2 9 0 0 7 0
367 195 191 2 9 0 0 7 0
375 191 180 2 8 0 0 6 0
384 186 172 2 7 0 0 5 0
393 180 163 1 7 0 0 5 0
402 175 155 1 6 0 0 4 0
412 170 143 1 5 0 0 3 0
421 169 135 1 4 0 0 3 0
431 161 129 1 4 0 0 2 0
441 155 125 1 4 0 0 2 0
451 153 113 1 3 0 0 2 0
462 148 109 1 3 0 0 1 0
473 144 101 0 3 0 0 1 0
484 141 97 0 2 0 0 1 0
495 137 86 0 2 0 0 1 0
507 132 82 0 1 0 0 0 0
518 130 77 0 1 0 0 0 0
530 123 71 0 1 0 0 0 0
543 122 65 0 1 0 0 0 0
555 119 61 0 1 0 0 0 0
568 114 56 0 1 0 0 0 0
582 111 51 0 0 0 0 0 0
595 109 48 0 0 0 0 0 0
609 105 44 0 0 0 0 0 0
623 102 40 0 0 0 0 0 0
638 98 36 0 0 0 0 0 0
653 97 33 0 0 0 0 0 0
668 94 30 0 0 0 0 0 0
683 92 27 0 0 0 0 0 0
699 87 24 0 0 0 0 0 0
716 86 21 0 0 0 0 0 0
732 82 20 0 0 0 0 0 0
749 79 18 0 0 0 0 0 0
767 77 15 0 0 0 0 0 0
785 75 14 0 0 0 0 0 0
803 71 12 0 0 0 0 0 0
822 69 11 0 0 0 0 0 0
841 66 10 0 0 0 0 0 0
861 65 8 0 0 0 0 0 0
881 62 7 0 0 0 0 0 0
901 60 6 0 0 0 0 0 0
922 59 5 0 0 0 0 0 0
944 56 4 0 0 0 0 0 0
966 55 4 0 0 0 0 0 0
988 52 3 0 0 0 0 0 0
