# Energy(keV)    dEe/dx(keV/micro_m)  dEn/dx(keV/micro_m)  x(micro_m)
9.999990000000000268e-03 2.347999999999999865e+00 4.568999999999999773e+01 3.000000000000000279e-04
1.099989999999999996e-02 2.463000000000000078e+00 4.840999999999999659e+01 3.000000000000000279e-04
1.199990000000000084e-02 2.572000000000000064e+00 5.103000000000000114e+01 3.000000000000000279e-04
1.299990000000000000e-02 2.677000000000000046e+00 5.354999999999999716e+01 3.000000000000000279e-04
1.399990000000000089e-02 2.778000000000000025e+00 5.599000000000000199e+01 4.000000000000000192e-04
1.499990000000000004e-02 2.875999999999999890e+00 5.834000000000000341e+01 4.000000000000000192e-04
1.599990000000000093e-02 2.970000000000000195e+00 6.061999999999999744e+01 4.000000000000000192e-04
1.699990000000000182e-02 3.061999999999999833e+00 6.284000000000000341e+01 4.000000000000000192e-04
1.799989999999999923e-02 3.149999999999999911e+00 6.500000000000000000e+01 4.000000000000000192e-04
1.999990000000000101e-02 3.321000000000000174e+00 6.915000000000000568e+01 4.000000000000000192e-04
2.249989999999999976e-02 3.521999999999999797e+00 7.406999999999999318e+01 4.000000000000000192e-04
2.499990000000000198e-02 3.713000000000000078e+00 7.873000000000000398e+01 5.000000000000000104e-04
2.749990000000000073e-02 3.894000000000000128e+00 8.317000000000000171e+01 5.000000000000000104e-04
2.999989999999999948e-02 4.067000000000000171e+00 8.740999999999999659e+01 5.000000000000000104e-04
3.249989999999999823e-02 4.232999999999999652e+00 9.146999999999999886e+01 5.000000000000000104e-04
3.499990000000000046e-02 4.392999999999999794e+00 9.537999999999999545e+01 5.000000000000000104e-04
3.749989999999999574e-02 4.546999999999999709e+00 9.915000000000000568e+01 5.000000000000000104e-04
3.999989999999999796e-02 4.695999999999999730e+00 1.027999999999999972e+02 5.000000000000000104e-04
4.499989999999999546e-02 4.980999999999999872e+00 1.097000000000000028e+02 6.000000000000000559e-04
4.999989999999999990e-02 5.250000000000000000e+00 1.162999999999999972e+02 6.000000000000000559e-04
5.499989999999999740e-02 5.506999999999999673e+00 1.225000000000000000e+02 6.000000000000000559e-04
5.999989999999999490e-02 5.751999999999999780e+00 1.284000000000000057e+02 6.000000000000000559e-04
6.499989999999999934e-02 5.987000000000000099e+00 1.340000000000000000e+02 6.999999999999999929e-04
6.999990000000000379e-02 6.211999999999999744e+00 1.394000000000000057e+02 6.999999999999999929e-04
7.999989999999999879e-02 6.641000000000000014e+00 1.495999999999999943e+02 6.999999999999999929e-04
8.999989999999999379e-02 7.043999999999999595e+00 1.590999999999999943e+02 8.000000000000000383e-04
9.999990000000000268e-02 7.424999999999999822e+00 1.680000000000000000e+02 8.000000000000000383e-04
1.100000000000000006e-01 7.788000000000000256e+00 1.764000000000000057e+02 8.000000000000000383e-04
1.199999999999999956e-01 8.134000000000000341e+00 1.843000000000000114e+02 9.000000000000000838e-04
1.300000000000000044e-01 8.465999999999999304e+00 1.919000000000000057e+02 9.000000000000000838e-04
1.399989999999999846e-01 8.785999999999999588e+00 1.990999999999999943e+02 9.000000000000000838e-04
1.499989999999999934e-01 9.093999999999999417e+00 2.060000000000000000e+02 1.000000000000000021e-03
1.599990000000000023e-01 9.391999999999999460e+00 2.125999999999999943e+02 1.000000000000000021e-03
1.699990000000000112e-01 9.682000000000000384e+00 2.189000000000000057e+02 1.000000000000000021e-03
1.799989999999999923e-01 9.961999999999999744e+00 2.250000000000000000e+02 1.100000000000000066e-03
1.999990000000000101e-01 1.050000000000000000e+01 2.365999999999999943e+02 1.100000000000000066e-03
2.249990000000000046e-01 1.114000000000000057e+01 2.500999999999999943e+02 1.200000000000000112e-03
2.499989999999999990e-01 1.174000000000000021e+01 2.626000000000000227e+02 1.200000000000000112e-03
2.749990000000000490e-01 1.231000000000000050e+01 2.741999999999999886e+02 1.300000000000000157e-03
2.999990000000000157e-01 1.285999999999999943e+01 2.851999999999999886e+02 1.300000000000000157e-03
3.249990000000000379e-01 1.339000000000000057e+01 2.955000000000000000e+02 1.399999999999999986e-03
3.499990000000000046e-01 1.389000000000000057e+01 3.051999999999999886e+02 1.399999999999999986e-03
3.749990000000000268e-01 1.438000000000000078e+01 3.145000000000000000e+02 1.500000000000000031e-03
3.999990000000000490e-01 1.484999999999999964e+01 3.233000000000000114e+02 1.500000000000000031e-03
4.499990000000000379e-01 1.575000000000000000e+01 3.398000000000000114e+02 1.600000000000000077e-03
4.999990000000000268e-01 1.660000000000000142e+01 3.550000000000000000e+02 1.700000000000000122e-03
5.499990000000000157e-01 1.741000000000000014e+01 3.690000000000000000e+02 1.800000000000000168e-03
5.999990000000000601e-01 1.819000000000000128e+01 3.821000000000000227e+02 1.899999999999999996e-03
6.499989999999999934e-01 1.892999999999999972e+01 3.943000000000000114e+02 2.000000000000000042e-03
6.999990000000000379e-01 1.964999999999999858e+01 4.056999999999999886e+02 2.100000000000000304e-03
7.999990000000000157e-01 2.100000000000000000e+01 4.268000000000000114e+02 2.200000000000000133e-03
8.999989999999999934e-01 2.228000000000000114e+01 4.456999999999999886e+02 2.400000000000000223e-03
9.999990000000000823e-01 2.348000000000000043e+01 4.628000000000000114e+02 2.500000000000000052e-03
1.100000000000000089e+00 2.462999999999999901e+01 4.785000000000000000e+02 2.700000000000000143e-03
1.199999999999999956e+00 2.571999999999999886e+01 4.930000000000000000e+02 2.799999999999999972e-03
1.300000000000000044e+00 2.676999999999999957e+01 5.063999999999999773e+02 2.900000000000000234e-03
1.399999999999999911e+00 2.778999999999999915e+01 5.188999999999999773e+02 3.100000000000000325e-03
1.500000000000000000e+00 2.876000000000000156e+01 5.305000000000000000e+02 3.200000000000000153e-03
1.600000000000000089e+00 2.969999999999999929e+01 5.413999999999999773e+02 3.299999999999999982e-03
1.699999999999999956e+00 3.062000000000000099e+01 5.517000000000000455e+02 3.400000000000000244e-03
1.800000000000000044e+00 3.151000000000000156e+01 5.613999999999999773e+02 3.500000000000000073e-03
2.000000000000000000e+00 3.321000000000000085e+01 5.792000000000000455e+02 3.799999999999999992e-03
2.250000000000000000e+00 3.521999999999999886e+01 5.991000000000000227e+02 4.100000000000000346e-03
2.500000000000000000e+00 3.713000000000000256e+01 6.167000000000000455e+02 4.400000000000000265e-03
2.750000000000000000e+00 3.893999999999999773e+01 6.325000000000000000e+02 4.599999999999999922e-03
3.000000000000000000e+00 4.067000000000000171e+01 6.467000000000000455e+02 4.899999999999999842e-03
3.250000000000000000e+00 4.234000000000000341e+01 6.597000000000000455e+02 5.200000000000000629e-03
3.500000000000000000e+00 4.392999999999999972e+01 6.715000000000000000e+02 5.400000000000000286e-03
3.750000000000000000e+00 4.547999999999999687e+01 6.822999999999999545e+02 5.700000000000000205e-03
4.000000000000000000e+00 4.696999999999999886e+01 6.922999999999999545e+02 5.899999999999999863e-03
4.500000000000000000e+00 4.982000000000000028e+01 7.100000000000000000e+02 6.400000000000000307e-03
5.000000000000000000e+00 5.250999999999999801e+01 7.252999999999999545e+02 6.900000000000000751e-03
5.500000000000000000e+00 5.507999999999999829e+01 7.387000000000000455e+02 7.400000000000000328e-03
6.000000000000000000e+00 5.753000000000000114e+01 7.503999999999999773e+02 7.800000000000000509e-03
6.500000000000000000e+00 5.988000000000000256e+01 7.607000000000000455e+02 8.300000000000000086e-03
7.000000000000000000e+00 6.214000000000000057e+01 7.698999999999999773e+02 8.700000000000001135e-03
8.000000000000000000e+00 6.643000000000000682e+01 7.853999999999999773e+02 9.600000000000000894e-03
9.000000000000000000e+00 7.045999999999999375e+01 7.977000000000000455e+02 1.050000000000000065e-02
1.000000000000000000e+01 7.426999999999999602e+01 8.077999999999999545e+02 1.140000000000000041e-02
1.100000000000000000e+01 7.790000000000000568e+01 8.158999999999999773e+02 1.230000000000000017e-02
1.200000000000000000e+01 8.135999999999999943e+01 8.225000000000000000e+02 1.310000000000000053e-02
1.300000000000000000e+01 8.468999999999999773e+01 8.277999999999999545e+02 1.400000000000000029e-02
1.400000000000000000e+01 8.787999999999999545e+01 8.321000000000000227e+02 1.480000000000000066e-02
1.500000000000000000e+01 9.096999999999999886e+01 8.353999999999999773e+02 1.570000000000000215e-02
1.600000000000000000e+01 9.395000000000000284e+01 8.381000000000000227e+02 1.650000000000000078e-02
1.700000000000000000e+01 9.684999999999999432e+01 8.401000000000000227e+02 1.740000000000000227e-02
1.800000000000000000e+01 9.965000000000000568e+01 8.415000000000000000e+02 1.820000000000000090e-02
2.000000000000000000e+01 1.050000000000000000e+02 8.430000000000000000e+02 1.990000000000000102e-02
2.250000000000000000e+01 1.114000000000000057e+02 8.428999999999999773e+02 2.189999999999999933e-02
2.500000000000000000e+01 1.175000000000000000e+02 8.411000000000000227e+02 2.400000000000000050e-02
2.750000000000000000e+01 1.232000000000000028e+02 8.381000000000000227e+02 2.610000000000000167e-02
3.000000000000000000e+01 1.286999999999999886e+02 8.342000000000000455e+02 2.820000000000000284e-02
3.250000000000000000e+01 1.339000000000000057e+02 8.296000000000000227e+02 3.030000000000000054e-02
3.500000000000000000e+01 1.390000000000000000e+02 8.245000000000000000e+02 3.239999999999999825e-02
3.750000000000000000e+01 1.439000000000000057e+02 8.190000000000000000e+02 3.450000000000000289e-02
4.000000000000000000e+01 1.485999999999999943e+02 8.132999999999999545e+02 3.660000000000000059e-02
4.500000000000000000e+01 1.575999999999999943e+02 8.012999999999999545e+02 4.089999999999999886e-02
5.000000000000000000e+01 1.660999999999999943e+02 7.888999999999999773e+02 4.520000000000000406e-02
5.500000000000000000e+01 1.743000000000000114e+02 7.762999999999999545e+02 4.960000000000000520e-02
6.000000000000000000e+01 1.820000000000000000e+02 7.637999999999999545e+02 5.399999999999999939e-02
6.500000000000000000e+01 1.894000000000000057e+02 7.515000000000000000e+02 5.840000000000000052e-02
7.000000000000000000e+01 1.965999999999999943e+02 7.395000000000000000e+02 6.280000000000000859e-02
8.000000000000000000e+01 2.124000000000000057e+02 7.162000000000000455e+02 7.190000000000000557e-02
9.000000000000000000e+01 2.333000000000000114e+02 6.942000000000000455e+02 8.100000000000000255e-02
1.000000000000000000e+02 2.503000000000000114e+02 6.736000000000000227e+02 9.020000000000000240e-02
1.100000000000000000e+02 2.645000000000000000e+02 6.541000000000000227e+02 9.950000000000000511e-02
1.200000000000000000e+02 2.766999999999999886e+02 6.358999999999999773e+02 1.088000000000000078e-01
1.300000000000000000e+02 2.873000000000000114e+02 6.187999999999999545e+02 1.183000000000000024e-01
1.400000000000000000e+02 2.968999999999999773e+02 6.027000000000000455e+02 1.279000000000000137e-01
1.500000000000000000e+02 3.058000000000000114e+02 5.875000000000000000e+02 1.376000000000000001e-01
1.600000000000000000e+02 3.140000000000000000e+02 5.732000000000000455e+02 1.473000000000000143e-01
1.700000000000000000e+02 3.218000000000000114e+02 5.596000000000000227e+02 1.572000000000000064e-01
1.800000000000000000e+02 3.291999999999999886e+02 5.467999999999999545e+02 1.672000000000000153e-01
2.000000000000000000e+02 3.431999999999999886e+02 5.232000000000000455e+02 1.873000000000000220e-01
2.250000000000000000e+02 3.598000000000000114e+02 4.968000000000000114e+02 2.129000000000000059e-01
2.500000000000000000e+02 3.755000000000000000e+02 4.733999999999999773e+02 2.390000000000000180e-01
2.750000000000000000e+02 3.906999999999999886e+02 4.523999999999999773e+02 2.653000000000000358e-01
3.000000000000000000e+02 4.056000000000000227e+02 4.336000000000000227e+02 2.918999999999999928e-01
3.250000000000000000e+02 4.203000000000000114e+02 4.165000000000000000e+02 3.185999999999999943e-01
3.500000000000000000e+02 4.348000000000000114e+02 4.008999999999999773e+02 3.455000000000000293e-01
3.750000000000000000e+02 4.491000000000000227e+02 3.866000000000000227e+02 3.724999999999999978e-01
4.000000000000000000e+02 4.633000000000000114e+02 3.735000000000000000e+02 3.996000000000000107e-01
4.500000000000000000e+02 4.916000000000000227e+02 3.501000000000000227e+02 4.537000000000000477e-01
5.000000000000000000e+02 5.195000000000000000e+02 3.300000000000000000e+02 5.077000000000000401e-01
5.500000000000000000e+02 5.472000000000000455e+02 3.123000000000000114e+02 5.614000000000000101e-01
6.000000000000000000e+02 5.747000000000000455e+02 2.966999999999999886e+02 6.145000000000000462e-01
6.500000000000000000e+02 6.020000000000000000e+02 2.828999999999999773e+02 6.671000000000000263e-01
7.000000000000000000e+02 6.291000000000000227e+02 2.703999999999999773e+02 7.190000000000000835e-01
8.000000000000000000e+02 6.826000000000000227e+02 2.489000000000000057e+02 8.206999999999999851e-01
9.000000000000000000e+02 7.351000000000000227e+02 2.310000000000000000e+02 9.193000000000000060e-01
1.000000000000000000e+03 7.867999999999999545e+02 2.159000000000000057e+02 1.010000000000000009e+00
1.100000000000000000e+03 8.375000000000000000e+02 2.028000000000000114e+02 1.110000000000000098e+00
1.200000000000000000e+03 8.873999999999999773e+02 1.914000000000000057e+02 1.199999999999999956e+00
1.300000000000000000e+03 9.362999999999999545e+02 1.814000000000000057e+02 1.280000000000000027e+00
1.400000000000000000e+03 9.842999999999999545e+02 1.725000000000000000e+02 1.370000000000000107e+00
1.500000000000000000e+03 1.032000000000000000e+03 1.645999999999999943e+02 1.449999999999999956e+00
1.600000000000000000e+03 1.078000000000000000e+03 1.574000000000000057e+02 1.530000000000000027e+00
1.700000000000000000e+03 1.123000000000000000e+03 1.509000000000000057e+02 1.600000000000000089e+00
1.800000000000000000e+03 1.168000000000000000e+03 1.450000000000000000e+02 1.679999999999999938e+00
2.000000000000000000e+03 1.256000000000000000e+03 1.345999999999999943e+02 1.820000000000000062e+00
2.250000000000000000e+03 1.361000000000000000e+03 1.237000000000000028e+02 1.989999999999999991e+00
2.500000000000000000e+03 1.462000000000000000e+03 1.145999999999999943e+02 2.149999999999999911e+00
2.750000000000000000e+03 1.560000000000000000e+03 1.069000000000000057e+02 2.299999999999999822e+00
3.000000000000000000e+03 1.655000000000000000e+03 1.002999999999999972e+02 2.439999999999999947e+00
3.250000000000000000e+03 1.746000000000000000e+03 9.453000000000000114e+01 2.580000000000000071e+00
3.500000000000000000e+03 1.834000000000000000e+03 8.945000000000000284e+01 2.709999999999999964e+00
3.750000000000000000e+03 1.920000000000000000e+03 8.493999999999999773e+01 2.830000000000000071e+00
4.000000000000000000e+03 2.004000000000000000e+03 8.090999999999999659e+01 2.950000000000000178e+00
4.500000000000000000e+03 2.164000000000000000e+03 7.398999999999999488e+01 3.180000000000000160e+00
5.000000000000000000e+03 2.316000000000000000e+03 6.826000000000000512e+01 3.390000000000000124e+00
5.500000000000000000e+03 2.461000000000000000e+03 6.342999999999999972e+01 3.589999999999999858e+00
6.000000000000000000e+03 2.599000000000000000e+03 5.928999999999999915e+01 3.779999999999999805e+00
6.500000000000000000e+03 2.732000000000000000e+03 5.571000000000000085e+01 3.970000000000000195e+00
7.000000000000000000e+03 2.859000000000000000e+03 5.257000000000000028e+01 4.139999999999999680e+00
8.000000000000000000e+03 3.102000000000000000e+03 4.732999999999999829e+01 4.469999999999999751e+00
9.000000000000000000e+03 3.330000000000000000e+03 4.310999999999999943e+01 4.769999999999999574e+00
1.000000000000000000e+04 3.547000000000000000e+03 3.964000000000000057e+01 5.059999999999999609e+00
